0.6000092188;-1.562499999E-04;-1.138022657E-03;2.4478884E-04;-4.375020798E-04
1.1000169013;-1.692708332E-04;-1.134116406E-03;2.395805058E-04;-4.401062469E-04
1.5800242764;-1.171874999E-04;-1.085939322E-03;2.473930071E-04;-5.221375031E-04
2.0800319588;-1.302083333E-04;-1.134116406E-03;2.473930071E-04;-4.401062469E-04
2.5800396413;-6.510416665E-05;-1.15755391E-03;2.604138426E-04;-4.830749967E-04
3.0800473237;-1.302083333E-04;-1.152345576E-03;2.786429977E-04;-4.388041707E-04
3.5800550061;-7.812499998E-05;-1.102866408E-03;2.656221768E-04;-4.505229153E-04
4.0800626885;-1.302083333E-05;-1.079428911E-03;2.734346635E-04;-4.531270824E-04
4.5800703709;-3.906249999E-05;-1.029949744E-03;2.343721716E-04;-4.71356252E-04
5.0800780534;0;-1.037762238E-03;2.604138426E-04;-4.440125048E-04
5.5800857358;1.302083333E-05;-1.037762238E-03;2.760388306E-04;-4.635437508E-04
6.0800934182;-2.604166666E-05;-8.86720576E-04;2.812471648E-04;-4.765645862E-04
6.5801011006;-1.302083333E-05;-1.00651224E-03;2.786429977E-04;-4.68752085E-04
7.080108783;-2.604166666E-05;-1.001303906E-03;2.968721673E-04;-4.71356252E-04
7.5801164655;-1.302083333E-04;-9.947934886E-04;2.812471648E-04;-4.635437508E-04
8.0801241479;-1.432291666E-04;-9.960955721E-04;2.916638332E-04;-4.674499941E-04
8.5801318303;-1.041666666E-04;-1.003908073E-03;2.968721673E-04;-4.726583283E-04
9.0801395127;-1.432291666E-04;-9.973976557E-04;2.994763344E-04;-4.622416599E-04
9.5801471952;-1.432291666E-04;-1.013022658E-03;2.578096755E-04;-4.882833309E-04
10.080154878;-1.562499999E-04;-1.002605989E-03;2.812471648E-04;-4.830749967E-04
10.58016256;-2.473958332E-04;-1.005210157E-03;2.656221768E-04;-4.804708296E-04
11.080170242;-2.604166666E-04;-1.010418491E-03;2.630180097E-04;-4.90887498E-04
11.580177925;-1.692708332E-04;-9.726580756E-04;2.682263293E-04;-5.078145768E-04
12.080185607;-1.432291666E-04;-9.843768275E-04;2.760388306E-04;-4.804708296E-04
12.58019329;-1.302083333E-04;-9.739601591E-04;2.552055084E-04;-5.013041663E-04
13.080200972;-1.432291666E-04;-9.726580756E-04;2.682263293E-04;-4.934916651E-04
13.580208655;-1.432291666E-04;-9.674497414E-04;2.578096755E-04;-5.143250018E-04
14.080216337;-1.171874999E-04;-9.648455743E-04;2.473930071E-04;-5.065125005E-04
14.580224019;-1.171874999E-04;-9.85678911E-04;2.526013413E-04;-5.468770832E-04
15.080231702;-1.692708332E-04;-9.765643262E-04;2.421846729E-04;-5.403666727E-04
15.580239384;-1.953124999E-04;-9.609393237E-04;2.291638375E-04;-5.611999949E-04
16.080247067;-1.822916666E-04;-9.544289059E-04;2.630180097E-04;-5.70314587E-04
16.580254749;-1.432291666E-04;-9.622414072E-04;2.682263293E-04;-5.885437567E-04
17.080262431;-2.083333332E-04;-9.635434908E-04;2.473930071E-04;-6.054708355E-04
17.580270114;-1.692708332E-04;-9.557309895E-04;2.239555033E-04;-6.054708355E-04
18.080277796;-1.822916666E-04;-9.83074744E-04;2.421846729E-04;-6.054708355E-04
49.080754106;1.562499999E-04;-1.148439325E-03;2.708304964E-04;-9.622416691E-04
49.580761789;1.015624999E-03;-1.169272662E-03;2.552055084E-04;-9.713562467E-04
50.080769471;1.341145833E-03;-1.148439325E-03;2.942680002E-04;-9.817729151E-04
50.580777154;3.098958332E-03;-1.151043492E-03;2.682263293E-04;-9.752625046E-04
51.080784836;4.791666665E-03;-1.15755391E-03;2.838513319E-04;-1.001304161E-03
51.580792519;6.861979164E-03;-1.184897657E-03;2.838513319E-04;-1.020835421E-03
52.080800201;0.0104817708;-1.197918492E-03;3.020805015E-04;-1.036460424E-03
52.580807883;0.0122526041;-1.151043492E-03;2.994763344E-04;-1.101564586E-03
53.080815566;0.013828125;-1.158855993E-03;3.046846686E-04;-1.14974167E-03
53.580823248;0.0138020833;-1.207033077E-03;2.916638332E-04;-1.170574993E-03
54.080830931;0.0138411458;-1.192710158E-03;2.916638332E-04;-1.205731256E-03
54.580838613;0.0138020833;-1.188803908E-03;2.812471648E-04;-1.216147909E-03
55.080846296;0.0142057291;-1.171876821E-03;2.86455499E-04;-1.23567917E-03
55.580853978;0.0274869791;-1.197918492E-03;2.734346635E-04;-1.354168751E-03
56.08086166;0.0277734374;-1.218751822E-03;2.786429977E-04;-1.473960423E-03
56.580869343;0.0399739583;-1.260418488E-03;2.942680002E-04;-1.5690125E-03
57.080877025;0.0419010416;-1.338543494E-03;2.916638332E-04;-1.688804171E-03
57.580884708;0.0419270833;-1.457033075E-03;2.682263293E-04;-1.752606243E-03
58.08089239;0.0427473958;-1.546876825E-03;2.682263293E-04;-1.865887505E-03
58.580900072;0.0541145833;-1.67057474E-03;2.526013413E-04;-1.998699997E-03
59.080907755;0.0550260416;-1.779949743E-03;2.682263293E-04;-1.970054159E-03
59.580915437;0.0553124999;-1.824220577E-03;2.499971742E-04;-2.019533334E-03
60.08092312;0.0552734374;-1.858074741E-03;2.734346635E-04;-2.111981244E-03
60.580930802;0.0552994791;-1.921876828E-03;2.578096755E-04;-2.123700003E-03
61.080938485;0.0553124999;-2.028647657E-03;2.630180097E-04;-2.170574996E-03
61.580946167;0.0582552083;-2.147137238E-03;2.630180097E-04;-2.256512496E-03
62.080953849;0.0696093749;-2.316408077E-03;2.499971742E-04;-2.339845828E-03
62.580961532;0.0697395833;-2.48958516E-03;2.552055084E-04;-2.483075004E-03
63.080969214;0.0697526041;-2.674480994E-03;2.499971742E-04;-2.515627085E-03
63.580976897;0.0735026041;-2.906251822E-03;2.239555033E-04;-2.63802291E-03
64.080984579;0.0812369791;-3.061199742E-03;2.369763387E-04;-2.658856246E-03
64.58099226;0.0833333333;-3.289064327E-03;2.473930071E-04;-2.757814581E-03
65.101000248;0.0832942708;-3.471355994E-03;1.953096652E-04;-2.834637503E-03
65.601007929;0.0842057291;-3.717449741E-03;1.562471734E-04;-2.946616659E-03
66.10101561;0.0954687499;-3.938803907E-03;1.380180037E-04;-3.027345839E-03
66.601023291;0.0972265624;-4.121095575E-03;1.067679986E-04;-3.104168747E-03
67.101030972;0.0971614583;-4.233074738E-03;7.812217518E-05;-3.164064575E-03
67.601038653;0.0972135416;-4.305991409E-03;4.947633715E-05;-3.184897912E-03
68.101046334;0.0971484374;-4.350262243E-03;2.86430004E-05;-3.204429172E-03
68.601054015;0.0955208333;-4.361980987E-03;2.083049912E-05;-3.205731249E-03
69.101061696;0.0832812499;-4.31380391E-03;2.083049912E-05;-3.214845826E-03
69.601069377;0.0832942708;-4.346355992E-03;3.905966877E-05;-3.201825005E-03
70.101077058;0.0832812499;-4.373699739E-03;3.124716749E-05;-3.187502079E-03
70.601084739;0.0813541666;-4.365887238E-03;4.947633715E-05;-3.196616671E-03
71.10109242;0.0784244791;-4.35286641E-03;5.989300552E-05;-3.186200003E-03
71.601100101;0.0697005208;-4.358074744E-03;3.124716749E-05;-3.173179167E-03
72.101107781;0.0696354166;-4.347658075E-03;3.905966877E-05;-3.162762499E-03
72.601115462;0.0696354166;-4.351564326E-03;4.166383587E-05;-3.170575E-03
73.101123143;0.0600651041;-4.324220572E-03;6.249717262E-05;-3.136720828E-03
73.601130824;0.0700260416;-4.347658075E-03;4.166383587E-05;-3.174481244E-03
74.101138505;0.0736197916;-4.347658075E-03;4.166383587E-05;-3.236981254E-03
74.601146186;0.0931640624;-4.35286641E-03;3.645550168E-05;-3.304689584E-03
75.101153867;0.0981119791;-4.451824737E-03;3.905966877E-05;-3.540366669E-03
75.601161548;0.1074088541;-4.742189325E-03;1.822633203E-05;-3.667970828E-03
76.101169229;0.1104296874;-4.994793489E-03;-2.606990165E-06;-3.847658328E-03
76.60117691;0.1173697916;-5.537762241E-03;-8.333617006E-05;-4.046877089E-03
77.101184591;0.1247395833;-5.838543489E-03;-1.380236644E-04;-4.248700002E-03
77.601192272;0.1248177083;-5.953126827E-03;-2.083361614E-04;-4.324220834E-03
78.101199953;0.1248307291;-6.001303903E-03;-2.317736652E-04;-4.361981249E-03
78.601207634;0.1248567708;-6.033855992E-03;-2.864611597E-04;-4.378908328E-03
79.101215315;0.1248828124;-6.052085154E-03;-2.734403242E-04;-4.421877078E-03
79.601222996;0.1248567708;-6.053387238E-03;-3.020861622E-04;-4.408856242E-03
80.101230677;0.1248437499;-6.062501823E-03;-2.916694938E-04;-4.428387503E-03
80.601238358;0.1238281249;-6.058595572E-03;-2.916694938E-04;-4.449220839E-03
81.101246039;0.1246354166;-6.052085154E-03;-2.994819951E-04;-4.438804171E-03
81.60125372;0.1248567708;-6.075522658E-03;-3.046903293E-04;-4.527345838E-03
82.101261401;0.1282942708;-6.19791849E-03;-3.463570028E-04;-4.623700006E-03
82.601269082;0.1371223958;-6.391928909E-03;-3.984403301E-04;-4.714845839E-03
83.101276763;0.1386979166;-6.628908071E-03;-4.609403258E-04;-4.81380416E-03
83.601284444;0.1387109374;-7.020835153E-03;-5.859403318E-04;-5.028647909E-03
84.101292125;0.1527473957;-7.501303909E-03;-6.822944997E-04;-5.25911666E-03
84.601299806;0.1528776041;-8.111980991E-03;-8.776070026E-04;-5.536460419E-03
85.101307487;0.1625260416;-8.558595574E-03;-9.869819914E-04;-5.713543752E-03
85.601315168;0.1658072916;-9.063803903E-03;-1.138023668E-03;-5.953127081E-03
86.101322849;0.1683984374;-9.539064325E-03;-1.257815325E-03;-6.162762496E-03
86.60133053;0.1744531249;-9.845053908E-03;-1.341148658E-03;-6.335939586E-03
87.10133821;0.1800130207;-0.0101940122;-1.437502825E-03;-6.445314575E-03
87.601345891;0.1800911457;-0.0105377622;-1.541669495E-03;-6.634116667E-03
88.101353572;0.1803255207;-0.0109596372;-1.638023663E-03;-6.795574998E-03
88.601361253;0.1936718749;-0.011300783;-1.82031533E-03;-6.98958541E-03
89.101368934;0.1936588541;-0.0114947934;-1.88802366E-03;-7.136720829E-03
89.601376615;0.1937369791;-0.0117330747;-1.966148658E-03;-7.21224166E-03
90.101384296;0.1936979166;-0.0119453143;-2.028648668E-03;-7.309897919E-03
90.601391977;0.1940104166;-0.0120690122;-2.088544497E-03;-7.372397914E-03
91.101399658;0.1942447916;-0.0121458351;-2.130211156E-03;-7.399741662E-03
91.601407339;0.1948828124;-0.0122031268;-2.174481996E-03;-7.45312708E-03
92.10141502;0.2014713541;-0.0123125018;-2.216148655E-03;-7.500002087E-03
92.601422701;0.2064453124;-0.0124375018;-2.250002828E-03;-7.585939587E-03
93.101430382;0.2066796874;-0.0124960955;-2.291669501E-03;-7.682293755E-03
93.601438063;0.2072135416;-0.012535158;-2.325523659E-03;-7.65755416E-03
94.101445744;0.2069531249;-0.0125625018;-2.343752828E-03;-7.669272919E-03
94.601453425;0.2073307291;-0.0125885434;-2.403648657E-03;-7.863283332E-03
95.101461106;0.2073437499;-0.0126276059;-2.427086161E-03;-7.773439574E-03
95.601468787;0.2073567707;-0.0126236997;-2.468752834E-03;-7.929689585E-03
96.101476468;0.2073697916;-0.0126276059;-2.515627828E-03;-7.886720835E-03
96.601484149;0.2073177082;-0.0126328143;-2.528648663E-03;-7.839845828E-03
97.10149183;0.2073046874;-0.0126263039;-2.536461164E-03;-7.83073125E-03
97.601499511;0.2073046874;-0.0126250018;-2.567711169E-03;-7.872397909E-03
98.101507192;0.2073437499;-0.0126380226;-2.588544492E-03;-7.919272917E-03
98.601514873;0.2321223957;-0.0139934914;-3.158856998E-03;-8.549481252E-03
99.101522554;0.2622656249;-0.0169505226;-4.1510445E-03;-9.846356246E-03
99.601530235;0.2629557291;-0.0180703143;-4.562502828E-03;-0.0103033874
100.10153792;0.2626171874;-0.0181718768;-4.632815325E-03;-0.0103502625
100.6015456;0.2626302082;-0.0181796893;-4.640627827E-03;-0.0103958354
101.10155328;0.2625651041;-0.0181640643;-4.648440328E-03;-0.0103958354
101.60156096;0.2626041666;-0.0181718768;-4.638023659E-03;-0.0103932312
102.10156864;0.2621614582;-0.0181497414;-4.653648662E-03;-0.0103867208
102.60157632;0.2591276041;-0.0181575539;-4.653648662E-03;-0.0104036479
103.101584;0.2617968749;-0.0181835955;-4.643231994E-03;-0.0105260437
103.60159168;0.2625781249;-0.0182513039;-4.645836161E-03;-0.0105364604
104.10159936;0.2635156249;-0.0183684914;-4.645836161E-03;-0.0105065125
104.60160704;0.2758593749;-0.0189869809;-4.781252835E-03;-0.0108945333
105.10161473;0.2832812499;-0.0196940122;-5.036461167E-03;-0.0112473979
105.60162241;0.2904817707;-0.0207682309;-5.411461155E-03;-0.0117682312
106.10163009;0.3037630207;-0.0219322934;-5.781252824E-03;-0.0122604187
106.60163777;0.316783854;-0.0229192726;-6.132815324E-03;-0.0127591166
107.10164545;0.3175911457;-0.0237799497;-6.401044491E-03;-0.0130898458
107.60165313;0.3254427082;-0.0242278664;-6.601565328E-03;-0.0134153666
108.10166081;0.332408854;-0.0252747414;-6.942711159E-03;-0.0137421895
108.60166849;0.3579427082;-0.0273723976;-7.752606994E-03;-0.0148216166
109.10167617;0.3747656249;-0.0295091164;-8.687502821E-03;-0.0159401062
109.60168385;0.3994270832;-0.0315559914;-9.627606996E-03;-0.0170338562
110.10169154;0.422096354;-0.0338919289;-0.0108411486;-0.0184362
110.60169922;0.4400260415;-0.0357526059;-0.0119531278;-0.0196888041
111.1017069;0.4673958332;-0.0376875018;-0.0130338569;-0.0209036479
111.60171458;0.484908854;-0.0393658872;-0.0142239611;-0.0222773458
112.10172226;0.5098046873;-0.0414218768;-0.0153593778;-0.0236393249
112.60172994;0.5309505207;-0.0434557309;-0.0164687528;-0.025000002
113.10173762;0.5504296873;-0.0455781268;-0.0177500028;-0.0265234395
113.6017453;0.578268229;-0.0479908872;-0.0189791694;-0.0277578145
114.10175298;0.6033723956;-0.0505325539;-0.0203489611;-0.0293138041
114.60176066;0.631627604;-0.0535091164;-0.0219244819;-0.0311119812
115.10176834;0.6565364581;-0.0559895851;-0.0235442736;-0.0329296895
115.60177603;0.6864583331;-0.0591796893;-0.0252708361;-0.0348645854
116.10178371;0.7139583331;-0.0620455747;-0.0269609403;-0.0367630229
116.60179139;0.7418619789;-0.0642773455;-0.0284713569;-0.0386471374
117.10179907;0.7684114581;-0.0673294288;-0.0302265653;-0.0407278666
117.60180675;0.8021093747;-0.0703958351;-0.0320468778;-0.0429153666
118.10181443;0.8359505206;-0.0733984393;-0.0339817736;-0.0452148458
118.60182211;0.8632161456;-0.0765481788;-0.0358776069;-0.0474583354
119.10182979;0.8921354164;-0.0791927101;-0.0376328153;-0.049671877
119.60183747;0.9213281247;-0.0815651059;-0.0393645861;-0.0517447937
120.10184515;0.951380208;-0.0839036476;-0.0409947944;-0.0537265645
120.60185284;0.9882291664;-0.0864648455;-0.0431354194;-0.0563776062
121.10186052;1.0297656247;-0.0892174497;-0.0453958361;-0.0592994812
121.6018682;1.0706380206;-0.0926966163;-0.0478385444;-0.0623854187
122.10187588;1.1123567705;-0.096019533;-0.0503828153;-0.0657552103
122.60188356;1.1604296872;-0.0997630226;-0.0528776069;-0.0690807312
123.10189124;1.2067968747;-0.1036783872;-0.0555572944;-0.0726210958
123.60189892;1.2592838538;-0.1075963559;-0.0584609403;-0.0764557312
124.1019066;1.3087630205;-0.1117252622;-0.0614348986;-0.0802825541
124.60191428;1.3674218747;-0.1160572934;-0.0646979194;-0.0845273458
125.10192196;1.4213932288;-0.1205481788;-0.0678828153;-0.088375002
125.60192965;1.478958333;-0.1252825538;-0.0710364611;-0.0927161478
126.10193733;1.5337499996;-0.1300325538;-0.0742239611;-0.097015627
126.60194501;1.5917708329;-0.1342994809;-0.0776041694;-0.1012838562
127.10195269;1.6547526037;-0.1381054705;-0.0811406278;-0.1055104187
127.60196037;1.7114062496;-0.1426627622;-0.0845911486;-0.1099505228
128.10196805;1.7704557287;-0.1472773455;-0.0882604194;-0.1142994812
128.60197573;1.8355729162;-0.1523203142;-0.0921250028;-0.1191380228
129.10198342;1.8914843745;-0.1573919288;-0.0962135444;-0.124125002
129.6019911;1.9472135412;-0.1627356788;-0.1008671903;-0.1294322937
130.10199879;1.9991536453;-0.1688216163;-0.1056145861;-0.1347890645
130.60200647;2.052695312;-0.1753580747;-0.1110755236;-0.1407773458
131.10201415;2.0995963536;-0.1824036476;-0.1175989611;-0.1475976583
131.60202184;2.1483463536;-0.1892174497;-0.1248411486;-0.1551809916
132.10202952;2.1861718744;-0.1979440121;-0.1337447944;-0.1640130228
132.60203721;2.2235677078;-0.2079401059;-0.1427734403;-0.173484377
133.10204489;2.2514453119;-0.219769533;-0.1541067736;-0.1846627624
133.60205257;2.2776822911;-0.2323190121;-0.1664453152;-0.1967903666
134.10206026;2.2932812494;-0.2443984392;-0.1791979194;-0.2091848978
134.60206794;2.3193619786;-0.2580104184;-0.1919609402;-0.2219739603
135.10207562;2.3343880202;-0.2721940121;-0.2050625027;-0.234765627
135.60208331;2.3486458327;-0.285410158;-0.2191223986;-0.2483046895
136.10209099;2.3614453119;-0.2999088559;-0.2332708361;-0.2617773457
136.60209868;2.3756119786;-0.3148359392;-0.2482083361;-0.276110679
137.10210636;2.3886718744;-0.3303502621;-0.2628906277;-0.2903502624
137.60211404;2.4016666661;-0.3445481788;-0.2773984402;-0.3043151061
138.10212173;2.4143489577;-0.3595429704;-0.2920130235;-0.3180117207
138.60212941;2.4143880202;-0.3754752621;-0.3081171902;-0.3331210957
139.1021371;2.428697916;-0.3895507829;-0.3235000027;-0.3477643249
139.60214478;2.4288281244;-0.4056080746;-0.3397994819;-0.3630976582
140.10215246;2.4426562494;-0.4209973975;-0.3547031277;-0.3776927103
140.60216015;2.456744791;-0.4353593767;-0.3700963569;-0.3926614603
141.10216783;2.466510416;-0.4505338558;-0.3854010444;-0.4075312519
141.60217552;2.4751171869;-0.4662643246;-0.4002161485;-0.4222122415
142.1021832;2.485885416;-0.4803424496;-0.415614586;-0.4368789082
142.60219088;2.4984505202;-0.4951510433;-0.4308723985;-0.4513085957
143.10219857;2.511744791;-0.5102773454;-0.4462890652;-0.4661692728
143.60220625;2.5241406244;-0.5253893246;-0.4615104193;-0.4810000019
144.10221393;2.5379817702;-0.5395104183;-0.4762526068;-0.4955234394
144.60222162;2.5519531243;-0.5549166683;-0.4914010443;-0.5103567727
145.1022293;2.5525390618;-0.5702330746;-0.506786461;-0.5253216165
145.60223699;2.5664453118;-0.5851276058;-0.5221718777;-0.540532554
146.10224467;2.5778255202;-0.6005911475;-0.5376406276;-0.5557656269
146.60225235;2.5799999993;-0.6161041683;-0.5530182318;-0.570782554
147.10226004;2.5928906243;-0.630677085;-0.5692890651;-0.5863619811
147.60226772;2.593541666;-0.646600262;-0.5851171901;-0.6019531269
148.10227541;2.6056380202;-0.6624882829;-0.6007187526;-0.6173020852
148.60228309;2.618932291;-0.6765677099;-0.6159765651;-0.6324270852
149.10229077;2.6236067702;-0.6920130224;-0.631473961;-0.6475976581
149.60229846;2.6334765618;-0.7072382828;-0.6469609401;-0.6628541685
150.10230614;2.6469921868;-0.7221210953;-0.6618671901;-0.6778723977
150.60231382;2.6608333327;-0.7371041683;-0.6775052109;-0.6933632831
151.10232151;2.6739713535;-0.7524401058;-0.6927630234;-0.708768231
151.60232919;2.6803906243;-0.7683216162;-0.7073828151;-0.7237747414
152.10233688;2.6885807285;-0.7829492203;-0.7223098984;-0.7388736998
152.60234456;2.7026302076;-0.7982044287;-0.7370494818;-0.7539791685
153.10235224;2.716197916;-0.8137747412;-0.7524322943;-0.7694309914
153.60235993;2.7166276035;-0.8278710953;-0.7680104193;-0.7850000018
154.10236761;2.7300911451;-0.8434205745;-0.7829427109;-0.8000364602
154.6023753;2.7393098951;-0.8595442724;-0.7986927109;-0.8159544289
155.10238298;2.7433463535;-0.8741653661;-0.8142786484;-0.8318320331
155.60239066;2.7498958326;-0.8902994807;-0.8298697942;-0.8476927102
156.10239835;2.7577994785;-0.9058567724;-0.8452369817;-0.8634453143
156.60240603;2.7672786451;-0.9208697932;-0.8605442734;-0.8791888039
157.10241372;2.7715624993;-0.936662762;-0.8759947942;-0.8952122414
157.6024214;2.7846093743;-0.9522773453;-0.8910885442;-0.9108450539
158.10242908;2.7856249993;-0.968210939;-0.9064765651;-0.9268945331
158.7024383;2.7984505201;-0.9783216161;-0.9086276067;-0.9375520851
159.2424466;2.8013411451;-0.9783216161;-0.9086979192;-0.9375520851
159.60245213;2.8127994784;-0.994148439;-0.9522812525;-0.9686575539
160.10245982;2.8145052076;-1.0305677099;-0.9677239609;-0.9901627622
160.6024675;2.8259505201;-1.0464218766;-0.9833880234;-1.0061406268
161.10247519;2.8358463534;-1.0621523453;-0.9989713567;-1.0220130227
161.60248287;2.8394531243;-1.076600262;-1.0143020859;-1.0377500018
162.10249055;2.8521484368;-1.0928424495;-1.0299739609;-1.0537669289
162.60249824;2.8609635409;-1.1088111995;-1.0452760442;-1.0693906268
163.10250592;2.8664062493;-1.1235052099;-1.0606041692;-1.0853072935
163.60251361;2.8695703118;-1.1405221369;-1.0763177109;-1.1016653664
164.10252129;2.8784635409;-1.1566054703;-1.0921119817;-1.1176640643
164.60252897;2.8802994784;-1.1717226578;-1.1076197942;-1.1338736997
165.10253666;2.8806901034;-1.1884348974;-1.1233854192;-1.1501184914
165.60254434;2.8801822909;-1.2055312515;-1.13921094;-1.1666562518
166.10255203;2.8943749993;-1.2205768244;-1.1546692734;-1.1827122414
166.60255971;2.8944401034;-1.2370976578;-1.1700989609;-1.1986835955
167.10256739;2.9024218743;-1.2535273453;-1.1862239609;-1.2152278664
167.60257508;2.9077994784;-1.2683606786;-1.2019218775;-1.2314739601
168.10258276;2.9077734368;-1.2852591161;-1.2182187525;-1.2481341164
168.60259044;2.9103515618;-1.3017096369;-1.2344505233;-1.2646223976
169.10259813;2.9156640618;-1.3167617202;-1.2503932317;-1.2810221372
169.60260581;2.9212109368;-1.3337552098;-1.2667812525;-1.2978541684
170.1026135;2.9194270826;-1.3504388036;-1.2829973983;-1.3144023455
170.60262118;2.9222395826;-1.3659231786;-1.299164065;-1.3310651059
171.10262886;2.9221744784;-1.3829700536;-1.3154401067;-1.347488283
171.60263655;2.9221744784;-1.3994544286;-1.331726565;-1.3639075538
172.10264423;2.9279166659;-1.4148932306;-1.3478307317;-1.3806627621
172.60265192;2.9258072909;-1.4318789077;-1.36433594;-1.3972708351
173.1026596;2.9330208326;-1.4486679702;-1.3806067733;-1.4139661476
173.60266728;2.9356640617;-1.4636875014;-1.3972031275;-1.4308893246
174.10267497;2.9355989576;-1.4804791681;-1.41380469;-1.4475442725
174.60268265;2.9391796867;-1.4971080744;-1.4301302108;-1.4642669288
175.10269033;2.9405078117;-1.5122734389;-1.446195315;-1.4810026059
175.60269802;2.9494531242;-1.5289648452;-1.4623854191;-1.4976132829
176.1027057;2.9509635409;-1.5449830743;-1.4783619816;-1.5138658871
176.60271339;2.9542057284;-1.5600156264;-1.4949479191;-1.5305156267
177.10272107;2.9621093742;-1.5769908868;-1.5115052108;-1.5472851579
177.60272875;2.9620703117;-1.5934179702;-1.5279973983;-1.5639440121
178.10273644;2.9620833326;-1.6087473972;-1.5444609399;-1.5807174496
178.60274412;2.9620442701;-1.6253776056;-1.5609453149;-1.5973515642
179.10275181;2.9621614576;-1.6412252618;-1.5778307316;-1.61413021
179.60275949;2.9620182284;-1.6568463556;-1.5957682316;-1.63163021
180.10276717;2.9599218742;-1.6738007826;-1.6136354191;-1.6493294287
180.60277486;2.9596354159;-1.6902773451;-1.6307265649;-1.6664244808
181.10278254;2.9588802076;-1.7058164076;-1.6479687524;-1.6836914079
181.60279023;2.9610416659;-1.7221041681;-1.6644088566;-1.7004661475
182.10279791;2.9619401034;-1.7384687514;-1.6812656274;-1.7174635433
182.60280559;2.9622005201;-1.7541158868;-1.6973541691;-1.7340690121
183.10281328;2.9621484367;-1.7710143243;-1.7142838566;-1.7512330746
183.60282096;2.9627994784;-1.7875546889;-1.7312526066;-1.7682851579
184.10282864;2.9619010409;-1.8033815118;-1.7476692732;-1.7850559912
184.60283633;2.9641796867;-1.8204557305;-1.7645807315;-1.802270835
185.10284401;2.9618489576;-1.8372317722;-1.7814869815;-1.819381512
185.6028517;2.9618489576;-1.8532018243;-1.7982578149;-1.8367760433
186.10285938;2.9629817701;-1.8702200534;-1.8146692732;-1.8537669287
186.60286706;2.9717317701;-1.885791668;-1.8306588565;-1.8702356787
187.10287475;2.9760807284;-1.9019388034;-1.8472031274;-1.8872903662
187.60288243;2.9762369784;-1.9185013034;-1.8636640648;-1.9041276058
188.10289012;2.9762369784;-1.934916668;-1.880385419;-1.9211822933
188.6028978;2.9765234367;-1.9511315117;-1.8964218773;-1.9380000016
189.10290548;2.9898437492;-1.9676523451;-1.9119531273;-1.9543268245
189.60291317;2.9898828117;-1.9837721367;-1.9280468773;-1.9708671891
190.10292085;2.9929817701;-1.9997617201;-1.9438307315;-1.9875585953
190.60292854;3.0039453117;-2.0162552096;-1.9599817732;-2.0045091162
191.10293622;3.0039843742;-2.0321119805;-1.9761145857;-2.0211562516
191.5829436;3.0094531242;-2.0472161471;-1.991322919;-2.0368476578
192.08295128;3.0165364576;-2.0631236992;-2.0077187523;-2.0536731786
192.58295896;3.0166015617;-2.079135418;-2.023807294;-2.0700403661
193.08296665;3.0267057284;-2.0954622409;-2.0401614606;-2.086756512
193.58297433;3.0307682284;-2.1111289075;-2.0562031273;-2.1035091161
194.08298201;3.0321354159;-2.1274218763;-2.0719401065;-2.1197369807
194.5829897;3.0427083326;-2.1440000013;-2.0882578148;-2.1368164078
195.08299738;3.0435026034;-2.1595598971;-2.1041458356;-2.1533372411
195.58300507;3.0435156242;-2.1762682304;-2.1205755231;-2.1702539078
196.08301275;3.0529947909;-2.1924453138;-2.136666669;-2.186773439
196.58302043;3.0561067701;-2.2077473971;-2.1528593773;-2.2037343765
197.08302812;3.0568619784;-2.2243723971;-2.1690989606;-2.2204427098
197.5830358;3.0576171867;-2.2403463554;-2.1849166689;-2.2370091161
198.08304349;3.0677994784;-2.2555221367;-2.2011223981;-2.2538567723
198.58305117;3.0707552075;-2.2721432304;-2.2172369814;-2.2704440119
199.08305885;3.0707291659;-2.2884973971;-2.2334192731;-2.2872565119
199.58306654;3.0707291659;-2.3038320325;-2.2503020856;-2.304632814
200.08307422;3.0707682284;-2.3207500012;-2.2671223981;-2.321617189
200.58308191;3.0579166659;-2.3374830741;-2.2855781273;-2.3402031265
201.08308959;3.0569140617;-2.3529453137;-2.3023880231;-2.3577083348
201.58309727;3.0578385409;-2.3696640637;-2.3187291689;-2.3744908869
202.08310496;3.0630859367;-2.38601172;-2.3356276064;-2.3917877619
202.58311264;3.0599869784;-2.4011484387;-2.3523307314;-2.4090950536
203.08312032;3.0698697909;-2.4177395845;-2.3686432314;-2.4259791681
203.58312801;3.0708854159;-2.4340872408;-2.3853385439;-2.4433645848
204.08313569;3.0708984367;-2.4488815116;-2.4022109397;-2.4605533869
204.58314338;3.0708984367;-2.4663776054;-2.4188932314;-2.4778567723
205.08315106;3.0708593742;-2.4819986991;-2.435169273;-2.4947161473
205.58315874;3.0736458325;-2.4969049491;-2.4515468772;-2.5114752619
206.08316643;3.0841796867;-2.5136614595;-2.4677343772;-2.528040366
206.58317411;3.0851302075;-2.5300533866;-2.4842343772;-2.5450481785
207.0831818;3.0851822909;-2.5456132824;-2.5009322939;-2.5623710952
207.58318948;3.0850520825;-2.562278647;-2.517309898;-2.5789765639
208.08319716;3.0851171867;-2.5785885428;-2.5340208355;-2.5962356785
208.58320485;3.0851432284;-2.5934674491;-2.5514166688;-2.6136666681
209.08321253;3.0850651034;-2.6106276053;-2.5686302105;-2.6310013035
209.58322022;3.0850781242;-2.6268294282;-2.5854218772;-2.6484908868
210.0832279;3.0850520825;-2.641747397;-2.601700523;-2.6652213556
210.58323558;3.085559895;-2.6590768241;-2.6183281272;-2.6825117201
211.08324327;3.0871484367;-2.6750013032;-2.6350729188;-2.6996328139
211.58325095;3.0877604159;-2.6898815116;-2.6517135438;-2.7168502618
212.08325863;3.0972135409;-2.7073750011;-2.6683229188;-2.7339739597
212.58326632;3.0923437492;-2.723201824;-2.6849244813;-2.751276043
213.083274;3.0984114575;-2.7383164074;-2.7018515646;-2.7685390639
213.58328169;3.0991927075;-2.7553658865;-2.7186562521;-2.785494793
214.08328937;3.0991796867;-2.7712161469;-2.735466148;-2.8028151055
214.58329705;3.0991015617;-2.7868619803;-2.7518489605;-2.8200429701
215.08330474;3.1078124992;-2.8038007824;-2.7677968771;-2.8368776055
215.58331242;3.1118749992;-2.8197369803;-2.7847083355;-2.8543554701
216.08332011;3.1127994784;-2.8349726574;-2.8012473979;-2.8714127618
216.58332779;3.1133333325;-2.8519947928;-2.8174843771;-2.888385418
217.08333547;3.113216145;-2.8684166678;-2.8341588563;-2.9058671888
217.58334316;3.1132421867;-2.8841197928;-2.8508255229;-2.9229440118
218.08335084;3.113216145;-2.9012864594;-2.8675520854;-2.9402304701
218.58335852;3.1135026034;-2.9176380219;-2.8839531271;-2.9577096367
219.08336621;3.1132552075;-2.9334804698;-2.9006510438;-2.9749596367
219.58337389;3.113216145;-2.9508750011;-2.9177760437;-2.992385418
220.08338158;3.1132812492;-2.967139324;-2.9346953146;-3.0097018242
220.58338926;3.1132682284;-2.9825716156;-2.9519296896;-3.0273437513
221.08339694;3.1132291659;-2.9998190115;-2.9690390646;-3.044760418
221.58340463;3.1132291659;-3.0160390636;-2.9858567729;-3.062213543
222.08341231;3.11329427;-3.0317057302;-3.0034453146;-3.0799309909
222.58342;3.1128515617;-3.0487825531;-3.0203828146;-3.0973984388
223.08342768;3.1121874992;-3.064875001;-3.0373880229;-3.1148020846
223.58343536;3.1120703117;-3.0803971365;-3.054484377;-3.13241797
224.08344305;3.1076822909;-3.0970208344;-3.0710416687;-3.1493567721
224.58345073;3.1084635409;-3.1136979177;-3.0880078145;-3.1671575534
225.08345842;3.0991796867;-3.1296015635;-3.104953127;-3.1846328138
225.5834661;3.0991406242;-3.1470638031;-3.1219036479;-3.2021536471
226.08347378;3.0991666659;-3.1631041677;-3.1390442729;-3.2198502617
226.58348147;3.0992057284;-3.1788789073;-3.1560078145;-3.2375104179
227.08348915;3.0936197909;-3.1964622406;-3.1733359395;-3.2555950533
227.58349683;3.0852343742;-3.2132890635;-3.1906848978;-3.2736875012
228.08350452;3.0725260409;-3.2291015635;-3.2087239603;-3.2919635429
228.5835122;3.0709114575;-3.2467695322;-3.2263776062;-3.3103580742
229.08351989;3.0570963534;-3.2630416677;-3.2443229187;-3.3283828137
229.58352757;3.0499218742;-3.2790859385;-3.2621536478;-3.3468841158
230.08353525;3.0437760409;-3.2965273447;-3.2794427103;-3.3645677096
230.58354294;3.0317838534;-3.3136744801;-3.297515627;-3.3831979179
231.08355062;3.0173046867;-3.3294817718;-3.3157916686;-3.4019934908
231.58355831;3.0075781242;-3.347546876;-3.3336380228;-3.4204908866
232.08356599;3.0042187492;-3.3647408864;-3.3516979186;-3.4391458345
232.58357367;2.9902734367;-3.380968751;-3.369281252;-3.4575416679
233.08358136;2.9773307284;-3.399140626;-3.3869427103;-3.4757278658
233.58358904;2.9766406242;-3.4169635426;-3.404640627;-3.4942421887
234.08359673;2.9623437492;-3.4329752614;-3.4224296895;-3.5127395845
234.58360441;2.9505859367;-3.4512083343;-3.4407239603;-3.5313125012
235.08361209;2.9445312492;-3.4676158864;-3.4580677103;-3.5494713553
235.58361978;2.9356380201;-3.4841536468;-3.4753333353;-3.5678776053
236.08362746;2.9224609368;-3.5027486988;-3.4933932311;-3.5863085949
236.58363514;2.9080729159;-3.5199361988;-3.5112734394;-3.6052994803
237.08364283;2.8946874993;-3.5379348968;-3.5285989603;-3.6237513032
237.58365051;2.8678906243;-3.5578723967;-3.5454583353;-3.643169272
238.0836582;2.8584374993;-3.5740611988;-3.5634531269;-3.6619648449
238.58366588;2.8522916659;-3.5921289072;-3.5831276061;-3.6806575532
239.08367356;2.8397265618;-3.6086236988;-3.6013906269;-3.6988802095
239.58368125;2.8293098951;-3.6246875009;-3.6193098977;-3.7174244803
240.08368893;2.8260156243;-3.6426236988;-3.6370546894;-3.7353281261
240.58369662;2.8140104159;-3.6598789071;-3.6547421894;-3.7535585949
241.0837043;2.8130338534;-3.6755442717;-3.6722135436;-3.771779949
241.58371198;2.7981119785;-3.6935208342;-3.6913307311;-3.790701824
242.08371967;2.7508723951;-3.7101770842;-3.7146354185;-3.813436199
242.58372735;2.7304687493;-3.7258554696;-3.7330390644;-3.8323528657
243.08373503;2.7168619785;-3.7437291675;-3.751908856;-3.8517786469
243.58374272;2.6588932285;-3.7624322925;-3.7764427102;-3.8749505219
244.0837504;2.620729166;-3.78020573;-3.7972473977;-3.8953229178
244.58375809;2.6088281243;-3.7985117196;-3.8157031269;-3.9147408865
245.08376577;2.605572916;-3.8141601571;-3.8332890644;-3.9327473969
245.58377345;2.5931119785;-3.8317031258;-3.8513593768;-3.9512122407
246.08378114;2.5914062493;-3.8491445321;-3.869143231;-3.9697591157
246.58378882;2.5712499993;-3.8651302092;-3.8874114602;-3.9885026052
247.08379651;2.4997526035;-3.8833736987;-3.9147604185;-4.0143554698
247.58380419;2.4849739577;-3.9004049487;-3.9334192727;-4.0335390636
248.08381187;2.4702864577;-3.9164179696;-3.9525911477;-4.0534908865
248.58381956;2.4570833327;-3.9346614592;-3.9700000018;-4.0721640635
249.08382724;2.4527213535;-3.9515729175;-3.9872109393;-4.090312501
249.58383493;2.4429427077;-3.9677122404;-4.0048802101;-4.1091484385
250.08384261;2.4369921869;-3.9857161466;-4.0218515643;-4.1272604177
250.58385029;2.4289192702;-4.0026054696;-4.0390286476;-4.1453554698
251.08385798;2.415182291;-4.0188893237;-4.056533856;-4.164109376
251.58386566;2.414713541;-4.0375429695;-4.0740755226;-4.1825039073
252.08387334;2.4074609369;-4.0544609383;-4.0914322934;-4.2007395843
252.58388103;2.4024348952;-4.0703919279;-4.1086197934;-4.2193046885
253.08388871;2.3895442702;-4.0887369799;-4.1261223976;-4.2377161468
253.5838964;2.3889322911;-4.1052434904;-4.1431458351;-4.2558697927
254.08390408;2.3761848952;-4.1212434904;-4.1607864601;-4.2744596364
254.58391176;2.3627473952;-4.1397643237;-4.1792578143;-4.2934739593
255.08391945;2.3500911452;-4.1561080737;-4.1970260434;-4.3122460947
255.58392713;2.3393489577;-4.1736796883;-4.2151380226;-4.3312291676
256.08393482;2.3348307286;-4.1915898445;-4.2328125017;-4.3495416676
256.5839425;2.3209765619;-4.2074427091;-4.2505364601;-4.3684505218
257.08395018;2.3066536452;-4.2257421882;-4.2683750017;-4.3869739593
257.58395787;2.2945442702;-4.2435638028;-4.2858463559;-4.4054114593
258.08396555;2.2923046869;-4.2589492195;-4.3037343767;-4.424265626
258.58397323;2.2797135411;-4.2774296882;-4.3215338559;-4.442813803
259.08398092;2.2664713536;-4.2947825528;-4.3389270851;-4.4614869801
259.5839886;2.2633463536;-4.311066407;-4.356770835;-4.4802213551
260.08399629;2.2517968744;-4.329519532;-4.3740859392;-4.498485678
260.58400397;2.2392968744;-4.3470143236;-4.3916822934;-4.5173593759
261.08401165;2.2350651036;-4.3633346361;-4.4092291684;-4.535688803
261.58401934;2.2238411453;-4.381878907;-4.4266562517;-4.5541315113
262.08402702;2.2101432286;-4.3987773445;-4.4446562517;-4.5731992197
262.58403471;2.1959114578;-4.4154687507;-4.4627838559;-4.5916015634
263.08404239;2.1820703119;-4.4340416674;-4.4819348975;-4.6109479176
263.58405007;2.1686328119;-4.4501666674;-4.4997161475;-4.6295312509
264.08405776;2.1583854161;-4.4676731778;-4.5173697933;-4.6478554696
264.58406544;2.1557161453;-4.4862278653;-4.5353125017;-4.6666458342
265.08407313;2.141601562;-4.5018216153;-4.553333335;-4.6849479176
265.58408081;2.1294531245;-4.5204440111;-4.5717578142;-4.703876303
266.08408849;2.1282031245;-4.5388619798;-4.5893385433;-4.722516928
266.58409618;2.1140624995;-4.5547669277;-4.60719271;-4.7410390634
267.08410386;2.1010937495;-4.5740390632;-4.6252682308;-4.7599934905
267.58411154;2.086679687;-4.5918450527;-4.6434661475;-4.77898698
268.08411923;2.0738541661;-4.6085507819;-4.6616223975;-4.7976484384
268.58412691;2.060039062;-4.6279804694;-4.6795598975;-4.8167500008
269.0841346;2.0465755203;-4.6450481777;-4.6974973975;-4.8354778654
269.58414228;2.0204166661;-4.6632851569;-4.7163255225;-4.855346355
270.08414996;1.9909244787;-4.6835338548;-4.7366458349;-4.8760156258
270.58415765;1.8762369787;-4.7004257819;-4.7793880224;-4.9050312508
271.08416533;1.8539062495;-4.717209636;-4.8021770849;-4.9245677092
271.58417302;1.8400911454;-4.7353906256;-4.8212343766;-4.9424687508
272.0841807;1.8293098954;-4.7515481777;-4.8401614599;-4.9608997404
272.58418838;1.8253124995;-4.7703567714;-4.8586875016;-4.9791054696
273.08419607;1.8122135412;-4.7883072923;-4.8768750016;-4.9971393237
273.58420375;1.7986979162;-4.8051744798;-4.8949348974;-5.0158177091
274.08421144;1.7853645829;-4.824490886;-4.9128984391;-5.0343072925
274.58421912;1.7730729162;-4.8419218756;-4.9311432307;-5.053221355
275.0842268;1.7566536454;-4.8599335943;-4.9493359391;-5.0721419279
275.58423449;1.7385677079;-4.8804049485;-4.9679348974;-5.0912916674
276.08424217;1.7256901037;-4.8968880214;-4.9864036474;-5.110472657
276.58424985;1.7126822912;-4.9166145839;-5.0044088557;-5.1295117195
277.08425754;1.6990234371;-4.9352382818;-5.0223307307;-5.1478919279
277.58426522;1.6869140621;-4.9514375006;-5.0397604182;-5.1663463549
278.08427291;1.6770963537;-4.9707994797;-5.0573567724;-5.1848424487
278.58428059;1.6718619787;-4.9884114589;-5.0750833349;-5.2033867195
279.08428827;1.6587109371;-5.0061406255;-5.0927500015;-5.2221627612
279.58429596;1.6449088537;-5.025851563;-5.1107239599;-5.2408736987
280.08430364;1.6325911454;-5.0410716151;-5.1279427098;-5.2592630216
280.58431133;1.6301953121;-5.0599752609;-5.1454088557;-5.2778658861
281.08431901;1.6188932288;-5.0785221359;-5.1627708348;-5.2957148445
281.58432669;1.6086588538;-5.0940533859;-5.1800338557;-5.3140299486
282.08433438;1.6055078121;-5.1134231776;-5.1978255223;-5.3328802091
282.58434206;1.5912499996;-5.1310755213;-5.2148463557;-5.3506197924
283.08434974;1.5883854163;-5.1473997401;-5.2323463557;-5.3691835945
283.58435743;1.5780729163;-5.1668229172;-5.250023439;-5.3877447924
284.08436511;1.5639453121;-5.1846901047;-5.267914064;-5.4064622403
284.5843728;1.5499218746;-5.2022929692;-5.2861223973;-5.4257005215
285.08438048;1.5358072913;-5.2214843755;-5.3037942723;-5.4440143236
285.58438816;1.5315494788;-5.2376614588;-5.3216380223;-5.4627565111
286.08439585;1.5235807288;-5.2561666671;-5.3391510431;-5.4811250007
286.58440353;1.5101692704;-5.2751002609;-5.3568958348;-5.4993164069
287.08441122;1.5100781246;-5.2910338546;-5.3745364598;-5.5179947923
287.5844189;1.4969921871;-5.3097356776;-5.3917005223;-5.5359609382
288.08442658;1.4932682288;-5.3277213546;-5.4094036473;-5.5542317715
288.58443427;1.4827343746;-5.3443606775;-5.4269244806;-5.5728255215
289.08444195;1.4707421871;-5.3635221359;-5.4441796889;-5.5909947923
289.58444964;1.4699088538;-5.3810651046;-5.4619348973;-5.6095911465
290.08445732;1.455989583;-5.39793099;-5.4791848973;-5.6279466152
290.584465;1.4532291663;-5.4174192713;-5.4968385431;-5.6466510423
291.08447269;1.4420703121;-5.4333776046;-5.5143307306;-5.6659791673
291.58448037;1.4279557288;-5.4514752608;-5.5316197931;-5.6838164069
292.08448805;1.4270182288;-5.4710026046;-5.5493645847;-5.7024192715
292.58449574;1.400911458;-5.4889505213;-5.5668671889;-5.7221393235
293.08450342;1.3877473955;-5.5093151046;-5.5845208347;-5.741131511
293.58451111;1.3677604163;-5.5292005212;-5.6026822931;-5.7613528652
294.08451879;1.351536458;-5.5478710942;-5.6201901056;-5.7801770839
294.58452647;1.3451692705;-5.5678854171;-5.6381640639;-5.7988385423
295.08453416;1.3312499997;-5.5833606775;-5.6556119805;-5.8171549485
295.58454184;1.3262890622;-5.602946615;-5.6731302097;-5.8357135423
296.08454953;1.3168229163;-5.6218710941;-5.6905859389;-5.853569011
296.58455721;1.3043359372;-5.6376835941;-5.7078906264;-5.8716510423
297.08456489;1.3030468747;-5.6574960941;-5.7257239597;-5.8901562506
297.58457258;1.2838671872;-5.6760585941;-5.7435833347;-5.9089804693
298.08458026;1.2626953122;-5.6969518233;-5.7627473972;-5.9292005214
298.58458795;1.2364713538;-5.7189583337;-5.7817109388;-5.9486302089
299.08459563;1.2120442705;-5.7379101566;-5.8005651055;-5.9683997401
299.58460331;1.195364583;-5.7597656253;-5.8194895847;-5.9881875006
300.084611;1.1814713539;-5.7772877608;-5.837885418;-6.0069101568
300.58461868;1.1643098955;-5.7979023441;-5.8564713555;-6.0262669276
301.08462636;1.1023958331;-5.8235859378;-5.8799296888;-6.0503710943
301.58463405;1.0858854164;-5.8434270837;-5.8986380222;-6.0695989589
302.08464173;1.0850390622;-5.8637825524;-5.9169531263;-6.0881276047
302.58464942;1.0717968747;-5.879619792;-5.9346093763;-6.1056627609
303.0846571;1.0718098956;-5.899197917;-5.9525651055;-6.1238502609
303.58466478;1.0619531247;-5.9175000003;-5.9702343763;-6.141523438
304.08467247;1.0586197914;-5.9336848961;-5.9875651055;-6.1589791672
304.58468015;1.0573697914;-5.953089844;-6.0051093763;-6.1769830734
305.08468784;1.0452473956;-5.969949219;-6.0223046888;-6.1943893234
305.58469552;1.0444010414;-5.9872890628;-6.0400677096;-6.2122096359
306.0847032;1.0440885414;-6.0070481774;-6.0579036471;-6.2303658859
306.58471089;1.0315364581;-6.0225091149;-6.0752604179;-6.247945313
307.08471857;1.0306380206;-6.0417057294;-6.0928750013;-6.2659713546
307.58472625;1.0214843747;-6.0607070315;-6.1101510429;-6.2837916671
308.08473394;1.0174348956;-6.0759869794;-6.1274218763;-6.3010794276
308.58474162;1.0173307289;-6.0953763023;-6.1450104179;-6.319195313
309.08474931;1.0073697914;-6.1137747398;-6.1620416679;-6.3367031255
309.58475699;1.0035026039;-6.1296966148;-6.1794505221;-6.3543750005
310.08476467;1.0035416664;-6.1482981773;-6.1964661471;-6.3717773442
310.58477236;0.997083333;-6.1659609377;-6.2141041679;-6.3898450525
311.08478004;0.9891406247;-6.1826875002;-6.2314531262;-6.4071315109
311.58478773;0.9890494789;-6.2016861982;-6.2487578137;-6.4247486984
312.08479541;0.9887369789;-6.2178320315;-6.2663723971;-6.4428151046
312.58480309;0.9762890622;-6.2359726565;-6.2832812512;-6.4603802088
313.08481078;0.9758984372;-6.254871094;-6.3007552096;-6.4782187504
313.58481846;0.975911458;-6.2701875002;-6.318091147;-6.4957799483
314.08482615;0.9707161455;-6.2887695315;-6.3351614595;-6.5131171879
314.58483383;0.9621093747;-6.3076627606;-6.3523828137;-6.53096224
315.08484151;0.962005208;-6.3223906252;-6.3694010429;-6.5478932296
315.5848492;0.9620572914;-6.3413684898;-6.3866979179;-6.5657018233
316.08485688;0.961223958;-6.3595572919;-6.403622397;-6.5833489587
316.58486456;0.9495182289;-6.375075521;-6.4207395845;-6.6005924483
317.08487225;0.948567708;-6.3941093752;-6.4381119804;-6.6184973962
317.58487993;0.9486067705;-6.4114244794;-6.4552916678;-6.6361640629
318.08488762;0.9433593747;-6.428263021;-6.472700522;-6.6538007816
318.5848953;0.935989583;-6.4469700523;-6.4897994803;-6.6714505212
319.08490298;0.9343619789;-6.4631171877;-6.5070052095;-6.6892656254
319.58491067;0.9344661456;-6.4812994793;-6.5242395845;-6.7066315108
320.08491835;0.9320312497;-6.4999049481;-6.5411901053;-6.7240703129
320.58492604;0.9261588539;-6.5148997397;-6.5582213553;-6.7416223962
321.08493372;0.9212630206;-6.5334908856;-6.5752447928;-6.7585520837
321.5849414;0.9209244789;-6.5522760418;-6.5922369803;-6.7763164066
322.08494909;0.9209244789;-6.5672721356;-6.6096119803;-6.7939687503
322.58495677;0.9207421872;-6.5857239585;-6.6263333345;-6.8111341149
323.08496446;0.9123177081;-6.6049739585;-6.6440000011;-6.8292786462
323.58497214;0.9069661456;-6.6203164064;-6.661216147;-6.8470078128
324.08497982;0.9067447914;-6.6392604168;-6.6779687511;-6.8645846357
324.58498751;0.9058984372;-6.6568802085;-6.6952343761;-6.8825598962
325.08499519;0.8933723956;-6.6735872397;-6.7121250011;-6.8997838545
325.58500287;0.8927994789;-6.6929010418;-6.7292786469;-6.9176927086
326.08501056;0.8927864581;-6.7084726564;-6.7461640636;-6.9352148441
326.58501824;0.8804817706;-6.7272539064;-6.7631979178;-6.9525976566
327.08502593;0.8786458331;-6.7469934897;-6.7808776053;-6.9711223961
327.58503361;0.8759895831;-6.7623945313;-6.7981328136;-6.9890807295
328.08504129;0.8648046872;-6.7813450522;-6.8153411469;-7.0063776045
328.58504898;0.8640885414;-6.8000846355;-6.8322890636;-7.0237942711
329.08505666;0.8640624997;-6.8146536459;-6.8493046886;-7.0414726565
329.58506435;0.8640494789;-6.8337187501;-6.8667187511;-7.0590820315
330.08507203;0.8636979164;-6.851764323;-6.8837005219;-7.0765520836
330.58507971;0.8585156247;-6.867483073;-6.9006223969;-7.0942838544
331.0850874;0.8551822914;-6.8860156251;-6.9176223969;-7.1113229169
331.58509508;0.8508723956;-6.9027942709;-6.9346875011;-7.1290208336
332.08510276;0.8507682289;-6.919217448;-6.9518489594;-7.1463528648
332.58511045;0.8507942706;-6.9376276042;-6.968671876;-7.1634622398
333.08511813;0.8507552081;-6.9532565105;-6.9858333344;-7.1809440107
333.58512582;0.8507812497;-6.9705690105;-7.0025651052;-7.1980481773
334.0851335;0.8504817706;-6.9888867188;-7.019234376;-7.2150416669
334.58514118;0.8505989581;-7.0037239584;-7.036328126;-7.2327018232
335.08514887;0.8451822914;-7.0218020834;-7.0530494802;-7.249886719
335.58515655;0.8389583331;-7.0405091146;-7.0702083344;-7.2676250002
336.08516424;0.8383072914;-7.0551848959;-7.0871223968;-7.2851731773
336.58517192;0.8378776039;-7.0736223959;-7.103859376;-7.302105469
337.0851796;0.8378515622;-7.0921992188;-7.120890626;-7.3197252606
337.58518729;0.8378906247;-7.1065885417;-7.1377734385;-7.3372968752
338.08519497;0.8378906247;-7.1251393229;-7.154703126;-7.3543320314
338.58520266;0.8378645831;-7.1432604167;-7.1715703135;-7.3717369794
339.08521034;0.8371484372;-7.1577252604;-7.1882838552;-7.3891510419
339.58521802;0.8376953122;-7.1762994792;-7.2054739593;-7.4062591148
340.08522571;0.8349609372;-7.1942460937;-7.2221770843;-7.4233684898
340.58523339;0.8281640622;-7.2089570312;-7.2391328135;-7.4410052085
341.08524107;0.8301302081;-7.227265625;-7.256140626;-7.4581875002
341.58524876;0.8236718747;-7.2455351562;-7.2733255218;-7.4758619793
342.08525644;0.8238151039;-7.2609388021;-7.2903776051;-7.4933658856
342.58526413;0.8236458331;-7.2792421875;-7.3072421885;-7.5102604168
343.08527181;0.8236718747;-7.2960299479;-7.3243958343;-7.5277343752
343.58527949;0.8236458331;-7.3125338541;-7.3413776051;-7.5451510418
344.08528718;0.8236718747;-7.330704427;-7.3582343759;-7.5617526043
344.58529486;0.8236458331;-7.3464374999;-7.3755468759;-7.5793007814
345.08530255;0.8236458331;-7.3634492187;-7.3923463551;-7.5962617189
345.58531023;0.8233333331;-7.3818841145;-7.4093593759;-7.613295573
346.08531791;0.8236588539;-7.3968242187;-7.4264401051;-7.6307460939
346.5853256;0.8225911456;-7.4147278645;-7.4432083343;-7.647919271
347.08533328;0.8227994789;-7.4331666666;-7.4602708343;-7.6648867189
347.58534097;0.8207682289;-7.447720052;-7.4768932301;-7.682091146
348.08534865;0.8176953122;-7.4663489582;-7.4940182301;-7.6993815105
348.58535633;0.8196874997;-7.4849296874;-7.5111927092;-7.7163281251
349.08536402;0.8136588539;-7.4995195312;-7.5280104176;-7.7333997397
349.5853717;0.8135937497;-7.5182604166;-7.5451979176;-7.7507239584
350.08537938;0.8116666664;-7.5365611978;-7.5619322926;-7.7672994793
350.58538707;0.8112239581;-7.5510690103;-7.5789166676;-7.7845117188
351.08539475;0.8112499997;-7.5698997395;-7.5961536467;-7.8015664063
351.58540244;0.8111848956;-7.5880716145;-7.6131015634;-7.8184153647
352.08541012;0.8111588539;-7.6029023436;-7.6302708342;-7.8355520834
352.5854178;0.8111979164;-7.6214036457;-7.6471875009;-7.8525156251
353.08542549;0.8112109372;-7.6388046874;-7.664221355;-7.8695377605
353.58543317;0.8111458331;-7.6549296874;-7.6812786467;-7.8868359376
354.08544086;0.8111067706;-7.6735533853;-7.6982656259;-7.903764323
354.58544854;0.8110937497;-7.6901015624;-7.7155572925;-7.9210638021
355.08545622;0.8108723956;-7.7071028644;-7.7325234384;-7.9381028646
355.58546391;0.8098697914;-7.7257226561;-7.74958073;-7.9551523438
356.08547159;0.8089973956;-7.7411184894;-7.7667864592;-7.9724179688
356.58547927;0.8007552081;-7.7590312498;-7.7839791675;-7.9897604167
357.08548696;0.7995182289;-7.7774778644;-7.8012708342;-8.0068320313
357.58549464;0.7975390623;-7.7920677082;-7.8179218758;-8.0241041667
358.08550233;0.7971223956;-7.8102864582;-7.8349765633;-8.0414882813
358.58551001;0.7970703123;-7.8285989582;-7.8519765633;-8.0588072917
359.08551769;0.7970312498;-7.8430481769;-7.8688255217;-8.0762369792
359.58552538;0.7970182289;-7.8616914061;-7.8859453133;-8.0939648438
360.08553306;0.7969791664;-7.8797499998;-7.9024505216;-8.1107317708
360.58554075;0.7969791664;-7.8941783852;-7.9193671883;-8.1284296875
361.08554843;0.7969791664;-7.9124283852;-7.9363697925;-8.1459231771
361.58555611;0.7960416664;-7.930658854;-7.9534036466;-8.1630755208
362.0855638;0.7953645831;-7.9453020831;-7.9703723966;-8.1807018229
362.58557148;0.7926041664;-7.9635403644;-7.9870364591;-8.1981901042
363.08557917;0.7882682289;-7.9812786456;-8.0038750008;-8.2151588541
363.58558685;0.7867317706;-7.9998450519;-8.0206145841;-8.2326549479
364.08559453;0.7833593748;-8.0180403644;-8.0373229174;-8.2502200521
364.58560222;0.7832812498;-8.0342942706;-8.0542838549;-8.2678164062
365.0856099;0.7832812498;-8.0511315102;-8.0709244799;-8.2851028646
365.58561758;0.7832682289;-8.0695585935;-8.0877291674;-8.3024726562
366.08562527;0.7832682289;-8.0848932289;-8.1047109383;-8.319423177
366.58563295;0.7832942706;-8.1023072914;-8.1214348966;-8.3369140625
367.08564064;0.7833593748;-8.1207630206;-8.1384635424;-8.3543958333
367.58564832;0.7833072914;-8.1351393227;-8.1551119799;-8.3713242187
368.085656;0.7833203123;-8.1530182289;-8.1720130216;-8.3887057291
368.58566369;0.7832812498;-8.1712395831;-8.1886276049;-8.405891927
369.08567137;0.7832552081;-8.1856692706;-8.2051614591;-8.4228723958
369.58567906;0.7832291664;-8.2041354164;-8.2220833341;-8.4405117187
370.08568674;0.7816536456;-8.2224973956;-8.2388203132;-8.4576015624
370.58569442;0.7807682289;-8.2370416664;-8.2556796882;-8.4751614582
371.08570211;0.7785416664;-8.2552786455;-8.2724296882;-8.4925768228
371.58570979;0.7708723956;-8.2735130205;-8.2889192715;-8.5097018228
372.08571748;0.7714453123;-8.2881276039;-8.3057291674;-8.5275755207
372.58572516;0.7689713539;-8.3062408851;-8.3221484382;-8.5450989582
373.08573284;0.7689322914;-8.3239140622;-8.3389010424;-8.5622682291
373.58574053;0.7691666664;-8.3387656247;-8.3554713549;-8.5797760416
374.08574821;0.7688411456;-8.3570299476;-8.3723723965;-8.5975273436
374.58575589;0.7688281248;-8.3743554684;-8.389223959;-8.6147109374
375.08576358;0.7688411456;-8.3896093747;-8.4058307299;-8.6322005207
375.58577126;0.7688411456;-8.4080273434;-8.4226380215;-8.6500416665
376.08577895;0.7688671873;-8.4248138018;-8.4394453132;-8.6672617186
376.58578663;0.7684374998;-8.4406588538;-8.4559921882;-8.6848658853
377.08579431;0.7688541664;-8.4589713538;-8.4730312507;-8.7026380207
377.585802;0.7684374998;-8.4751666663;-8.4896901048;-8.7196888019
378.08580968;0.7677734373;-8.491692708;-8.5065885423;-8.7374700519
378.58581737;0.7664322914;-8.5097617184;-8.5234010423;-8.7550716144
379.08582505;0.7600390623;-8.5254075517;-8.5400937506;-8.7722421873
379.58583273;0.7598307289;-8.5420820309;-8.5570026048;-8.7900820311
380.08584042;0.7567317706;-8.5600963538;-8.573645834;-8.8072773436
380.5858481;0.7564583331;-8.5757031246;-8.5905078131;-8.8250065102
381.08585578;0.7571354164;-8.5926601559;-8.6070416673;-8.8422968748
381.58586347;0.7564583331;-8.6107968746;-8.6236875006;-8.8597565102
382.08587115;0.7565494789;-8.6258828121;-8.6404817715;-8.8773997394
382.58587884;0.7565234373;-8.6435078121;-8.657036459;-8.8950885415
383.08588652;0.7565104164;-8.6618372392;-8.6736041673;-8.9120924477
383.5858942;0.7565624998;-8.6764153642;-8.6903593756;-8.9296549477
384.08590189;0.7565755206;-8.6942981767;-8.7069895839;-8.9470390623
384.58590957;0.7565494789;-8.7125351558;-8.7238567714;-8.9643867185
385.08591726;0.7565494789;-8.7267057288;-8.7403177089;-8.9816770831
385.58592494;0.7565755206;-8.744834635;-8.7569765631;-8.9993216144
386.08593262;0.7564583331;-8.762865885;-8.7737421881;-9.0162955727
386.58594031;0.7550781248;-8.7771757808;-8.7902291673;-9.0339075519
387.08594799;0.7561067706;-8.7952630204;-8.8070494797;-9.051488281
387.58595568;0.7537109373;-8.8130143225;-8.8234687506;-9.0685677081
388.08596336;0.7550390623;-8.8278997391;-8.8401197922;-9.0862942706
388.58597104;0.7542057289;-8.8456979162;-8.8566796881;-9.1038749998
389.08597873;0.7475260414;-8.8634739579;-8.8731302089;-9.1208177081
389.58598641;0.7506249998;-8.8783710933;-8.8899843755;-9.1386054685
390.08599409;0.7457552081;-8.8960546871;-8.9063281256;-9.1556328122
390.58600178;0.7447005206;-8.9137070308;-8.9230729172;-9.1730130206
391.08600946;0.7471223956;-8.928523437;-8.9396458339;-9.1904401039
391.58601715;0.7434635414;-8.9465976558;-8.9561770839;-9.2079765622
392.08602483;0.7439453123;-8.9638776037;-8.9729505214;-9.2251666664
392.58603251;0.7424348956;-8.9791315099;-8.989367188;-9.2426731768
393.0860402;0.7424739581;-8.9972968745;-9.0060312505;-9.2601783851
393.58604788;0.7426432289;-9.0138723954;-9.0225286464;-9.2776510414
394.08605557;0.7423046873;-9.029882812;-9.0390338547;-9.2952213539
394.58606325;0.7423046873;-9.0483437495;-9.0560677089;-9.312800781
395.08607093;0.7423307289;-9.0644726558;-9.0727942713;-9.3301236976
395.58607862;0.7423437498;-9.0810638016;-9.0894531255;-9.3478463539
396.0860863;0.7423177081;-9.099101562;-9.1062500005;-9.3648554684
396.58609399;0.7423046873;-9.1150013016;-9.122851563;-9.3824674476
397.08610167;0.7423697914;-9.1318776037;-9.1397760422;-9.3999466143
397.58610935;0.7422916664;-9.1497330724;-9.1564010422;-9.4169700518
398.08611704;0.7423307289;-9.165398437;-9.173289063;-9.434536458
398.58612472;0.7422916664;-9.1824374995;-9.1898541671;-9.4520911455
399.0861324;0.7384374998;-9.2004713536;-9.206445313;-9.4691914059
399.58614009;0.7394531248;-9.2160677078;-9.2233593755;-9.4870247392
400.08614777;0.7373697914;-9.2331380203;-9.239742188;-9.5042734372
400.58615546;0.7337369789;-9.2513164057;-9.2563723963;-9.5215299476
401.08616314;0.7323046873;-9.2663697911;-9.2731692713;-9.5391679684
401.58617082;0.7297265623;-9.2840065099;-9.2898333338;-9.5568658851
402.08617851;0.7289973956;-9.3022447911;-9.3069895838;-9.5743359371
402.58618619;0.7288671873;-9.3171119786;-9.3235442713;-9.5918398434
403.08619388;0.7289062498;-9.3349401036;-9.3401875004;-9.6094335934
403.58620156;0.7288802081;-9.3529492182;-9.3568020838;-9.6264557288
404.08620924;0.7288671873;-9.367587239;-9.3734427088;-9.6440546871
404.58621693;0.7288671873;-9.3857617182;-9.3902994796;-9.6615234371
405.08622461;0.7287890623;-9.4033593744;-9.4067604171;-9.6787539059
405.58623229;0.7288671873;-9.4185768223;-9.4235078129;-9.6964557288
406.08623998;0.7287760414;-9.4367799473;-9.4401770837;-9.7136432288
406.58624766;0.7288151039;-9.4540377598;-9.4568333337;-9.7311054683
407.08625535;0.7285156248;-9.4696888015;-9.4737734379;-9.7487825517
407.58626303;0.7281249998;-9.4878489577;-9.4903645837;-9.7659726558
408.08627071;0.7266145831;-9.504743489;-9.5071666671;-9.7834036454
408.5862784;0.7260937498;-9.5206380202;-9.5238619796;-9.8010976558
409.08628608;0.7210937498;-9.5388151036;-9.5406432296;-9.818178385
409.58629377;0.7205859373;-9.555259114;-9.5573723962;-9.8358919266
410.08630145;0.7154817706;-9.5713710931;-9.5738359379;-9.8532460933
410.58630913;0.7147005206;-9.5896744785;-9.590635417;-9.8706445308
411.08631682;0.7162630206;-9.605665364;-9.6072473962;-9.8880911454
411.5863245;0.7142578123;-9.6223020827;-9.6237552087;-9.9056536454
412.08633218;0.7143359373;-9.6406770827;-9.6405703129;-9.9228059891
412.58633987;0.7141536456;-9.6568255202;-9.6574427087;-9.940945312
413.08634755;0.7008072914;-9.6639492181;-9.6646770837;-9.9485729162
413.58635524;0.6866406248;-9.6657838535;-9.6661484379;-9.9502330724
414.08636292;0.6824088539;-9.6671731764;-9.6672838545;-9.9514361975
414.5863706;0.6727864581;-9.6683671869;-9.668260417;-9.9524739579
415.08637829;0.6726822914;-9.6693984368;-9.6691250003;-9.953460937
415.58638597;0.6670703123;-9.6703059889;-9.6699062504;-9.95419401
416.08639366;0.6587109373;-9.6710755202;-9.670588542;-9.9549244787
416.58640134;0.6583593748;-9.6718098952;-9.6711848962;-9.9555664058
417.08640902;0.6582812498;-9.6724453119;-9.6717239587;-9.9562135412
