0.6000092188;0.3180598957;-8.203138422E-04;1.66666336E-03;-1.82942918E-03
1.1000169013;0.317721354;-8.072930068E-04;1.648434205E-03;-1.819012526E-03
1.5800242764;0.3170833332;-7.877617608E-04;1.674475861E-03;-1.838543772E-03
2.0800319588;0.3181510415;-7.916680115E-04;1.669267527E-03;-1.852866684E-03
2.6000399485;0.3184505207;-8.177096751E-04;1.664059193E-03;-1.821616693E-03
3.0800473237;0.3175390624;-8.203138422E-04;1.66666336E-03;-1.802085433E-03
3.6000553134;0.3171223957;-8.359388448E-04;1.661455025E-03;-1.807293767E-03
4.0800626885;0.3182552082;-8.2682426E-04;1.656246691E-03;-1.819012526E-03
4.6000706782;0.3175520832;-8.085950903E-04;1.658850858E-03;-1.861981276E-03
5.0800780534;0.317252604;-8.958346734E-04;1.661455025E-03;-1.811200025E-03
5.5800857358;0.3178255207;-8.684909262E-04;1.677080028E-03;-1.826825013E-03
6.0800934182;0.318033854;-1.032553424E-03;1.677080028E-03;-1.861981276E-03
6.6001014079;0.317330729;-8.580742578E-04;1.645830037E-03;-1.890627099E-03
7.080108783;0.3183984374;-9.570325928E-04;1.679684195E-03;-1.869793777E-03
7.6001167728;0.3179166665;-7.968763384E-04;1.682288362E-03;-1.826825013E-03
8.0801241479;0.317486979;-7.486992544E-04;1.682288362E-03;-1.838543772E-03
8.6001321376;0.3172656249;-7.526055051E-04;1.656246691E-03;-1.830731271E-03
9.0801395127;0.3180859374;-7.408867604E-04;1.682288362E-03;-1.84896044E-03
9.6001475025;0.3185677082;-6.028659263E-04;1.677080028E-03;-1.845054182E-03
10.080154878;0.3176302082;-4.492200896E-04;1.66666336E-03;-1.856772942E-03
10.600162867;0.3175781249;-8.671888426E-04;1.690100863E-03;-1.832033347E-03
11.080170242;0.3179427082;-9.205742608E-04;1.695309198E-03;-1.84896044E-03
11.600178232;0.3173437499;-1.063803421E-03;1.690100863E-03;-1.850262517E-03
12.080185607;0.338424479;-1.085938842E-03;1.671871694E-03;-1.886720856E-03
12.600193597;0.356236979;-1.355470092E-03;1.54947587E-03;-2.381512516E-03
13.080200972;0.4806510415;-1.364584677E-03;1.24739253E-03;-2.829429184E-03
13.600208962;0.548033854;-1.416668004E-03;9.713508625E-04;-3.24479377E-03
14.080216337;0.605924479;-2.036459671E-03;6.9010086E-04;-3.768231268E-03
14.580224019;0.6710286456;-2.441407588E-03;3.880175354E-04;-3.949220859E-03
15.080231702;0.7332942706;-2.725261758E-03;1.692675286E-04;-4.37630419E-03
15.580239384;0.7959114581;-2.893230506E-03;-1.796908036E-04;-4.859377106E-03
16.080247067;0.8596354164;-2.96614717E-03;-4.531283048E-04;-5.35286669E-03
16.600255056;0.9239973956;-3.076824257E-03;-6.588574615E-04;-5.940106275E-03
17.080262431;0.987630208;-3.299480507E-03;-9.583366336E-04;-6.453127105E-03
17.580270114;1.0550781247;-3.489584676E-03;-1.255211638E-03;-7.033856265E-03
18.080277796;1.1171484372;-3.901043004E-03;-1.552086629E-03;-7.425783347E-03
18.600285786;1.1884765622;-4.102865925E-03;-1.875003305E-03;-7.941408359E-03
19.080293161;1.249583333;-4.186199257E-03;-2.166669961E-03;-8.441408354E-03
19.600301151;1.316223958;-4.399740923E-03;-2.437503295E-03;-8.959637518E-03
20.080308526;1.3835416663;-4.515626336E-03;-2.799482463E-03;-9.424481264E-03
20.600316516;1.453333333;-4.692709677E-03;-3.13541996E-03;-9.998700014E-03
21.080323891;1.5196614579;-5.061199255E-03;-3.424482463E-03;-0.0104895854
21.600331881;1.5888020829;-5.247397173E-03;-3.773440796E-03;-0.01096745
22.080339256;1.6546093746;-5.371095088E-03;-4.067711634E-03;-0.0114531271
22.600347245;1.7244401037;-5.742188841E-03;-4.385419961E-03;-0.0120221375
23.080354621;1.7960026037;-5.856772171E-03;-4.666669963E-03;-0.0126276062
23.580362303;1.8667838537;-6.246095086E-03;-4.968753302E-03;-0.0131210958
24.080369985;1.9358333328;-6.604168003E-03;-5.281253295E-03;-0.0136484396
24.600377975;2.0117708328;-7.131511753E-03;-5.640628296E-03;-0.0142382833
25.08038535;2.0801041661;-7.559897174E-03;-5.9296908E-03;-0.0147968771
25.580393033;2.1516406244;-8.022136753E-03;-6.289065801E-03;-0.0153320333
26.080400715;2.2211067703;-8.565105505E-03;-6.617190796E-03;-0.0156445333
26.600408705;2.2951822911;-9.010418005E-03;-6.934899138E-03;-0.0161471375
27.08041608;2.3635807286;-9.428386758E-03;-7.23958663E-03;-0.0166940125
27.60042407;2.4387109369;-9.88802217E-03;-7.601565797E-03;-0.0172591166
28.080431445;2.5081901035;-0.0104583346;-7.929690793E-03;-0.0178112
28.600439434;2.5814192702;-0.0110091159;-8.302086629E-03;-0.0180716166
29.08044681;2.6474088535;-0.0114986992;-8.617190804E-03;-0.0186653666
29.580454492;2.7240364576;-0.0120403659;-8.973961637E-03;-0.0193059916
30.080462174;2.7941536451;-0.0122851575;-9.294274132E-03;-0.0199153666
30.600470164;2.8649088534;-0.012760418;-9.625003294E-03;-0.0204921895
31.080477539;2.9365755201;-0.013338543;-0.0100026074;-0.0210260437
31.600485529;3.0110677076;-0.0138945325;-0.0104010449;-0.0214531271
32.080492904;3.0777604159;-0.0143151055;-0.0106744824;-0.0219843771
32.600500894;3.1534244784;-0.0148815117;-0.0110494824;-0.0225481791
33.080508269;3.2212499992;-0.01532422;-0.0113828157;-0.0230898458
33.600516259;3.2915624992;-0.0157122409;-0.0117526074;-0.0234765646
34.080523634;3.3630859366;-0.0165065117;-0.0120885449;-0.0239127625
34.600531624;3.4359114575;-0.0169531263;-0.0124557324;-0.0245130229
35.080538999;3.5031119783;-0.0174427096;-0.0127760449;-0.0250794291
35.600546988;3.5767187491;-0.0179531263;-0.0131666699;-0.0256471375
36.080554364;3.6456249991;-0.0183971367;-0.0135078157;-0.02621745
36.600562353;3.7171354157;-0.0188463555;-0.0138776074;-0.0267604187
37.080569728;3.7844401032;-0.0193294284;-0.0142317741;-0.0273815125
37.600577718;3.858749999;-0.0198658867;-0.0146197949;-0.0279700541
38.080585093;3.9240755198;-0.0202408867;-0.0149921908;-0.0285716166
38.600593083;4.0001171865;-0.0207539075;-0.0154713574;-0.029264325
39.080600458;4.0652213531;-0.0211901055;-0.0158619824;-0.029951825
39.600608448;4.1399999989;-0.0216718763;-0.0163463574;-0.0306692729
40.080615823;4.2059244781;-0.0221106784;-0.0167786491;-0.0313112
40.600623813;4.2758984364;-0.022619793;-0.0172343782;-0.0319856791
41.080631188;4.3440755197;-0.0230533867;-0.0176796907;-0.03265495
41.600639177;4.413424478;-0.0236067721;-0.0180937533;-0.0333645854
42.080646553;4.4819140614;-0.0240000013;-0.0185416699;-0.0339088562
42.600654542;4.5521874988;-0.0244856784;-0.0191041699;-0.0346679708
43.080661917;4.6170833322;-0.0246119805;-0.0197187532;-0.0355403666
43.5806696;4.6861067696;-0.0249140638;-0.0204947949;-0.0369856791
44.080677282;4.7525260405;-0.0251744805;-0.0210885449;-0.0380833354
44.600685272;4.8228124988;-0.0255390638;-0.0217161491;-0.0390625021
45.080692647;4.8897526029;-0.0257903659;-0.0222578158;-0.039765627
45.600700637;4.9562890612;-0.0258528659;-0.0228645866;-0.040609377
46.080708012;5.0218359362;-0.0260026055;-0.0235052116;-0.041500002
46.600716002;5.0896354154;-0.0263776055;-0.0242656282;-0.0426848979
47.080723377;5.1487499987;-0.0267317721;-0.0250989616;-0.0443450541
47.600731366;5.211458332;-0.0270052096;-0.0261380241;-0.0456679708
48.080738742;5.2520442695;-0.0272174492;-0.0269947949;-0.0481119812
48.600746731;5.3194661445;-0.0274778659;-0.0278958366;-0.049703127
49.080754106;5.3829687486;-0.0277174492;-0.0287135449;-0.0509817729
49.580761789;5.4465234361;-0.0278971367;-0.0296640657;-0.0524778666
50.080769471;5.5095833319;-0.0280442721;-0.0304921908;-0.0538190125
50.580777154;5.5754296861;-0.0280859388;-0.0320260449;-0.0546770854
51.080784836;5.6367708319;-0.0281953138;-0.0335755241;-0.055545575
51.580792519;5.699257811;-0.0281601575;-0.0351901074;-0.0565755229
52.080800201;5.7670442694;-0.0280664075;-0.0368723991;-0.0573789083
52.600808191;5.8295963527;-0.0278346367;-0.0388489616;-0.0580481791
53.080815566;5.8884114568;-0.0279192721;-0.0407760449;-0.0587786479
53.600823556;5.9512239568;-0.0279205742;-0.0428828157;-0.0593815125
54.080830931;6.0061458318;-0.02729297;-0.0464375032;-0.0605286479
54.60083892;6.0606901026;-0.0255598971;-0.0532812532;-0.0637421895
55.080846296;6.1162109359;-0.025119793;-0.0570755241;-0.0660182312
55.600854285;6.1791276026;-0.024464845;-0.0609635449;-0.0685820333
56.08086166;6.2382812484;-0.0242591159;-0.0638880241;-0.0706666687
56.580869343;6.2951692692;-0.0244544284;-0.0674062532;-0.0761197937
57.080877025;6.3556380192;-0.0246653659;-0.0700286491;-0.078733075
57.580884708;6.4173828109;-0.0246901055;-0.0724010449;-0.0804296895
58.08089239;6.4724088525;-0.0248476575;-0.0743203157;-0.0816302104
58.60090038;6.53674479;-0.025558595;-0.0762317741;-0.0825520854
59.080907755;6.588229165;-0.0260989596;-0.0786953157;-0.08502995
59.600915745;6.6480468733;-0.0268528659;-0.0816458366;-0.0878763041
60.08092312;6.702135415;-0.0278606784;-0.0838489616;-0.0900677104
60.600931109;6.7566796858;-0.028871095;-0.0858593782;-0.09290495
61.080938485;6.8056901024;-0.02919922;-0.0879218782;-0.0954635437
61.580946167;6.7699869774;-0.0265247409;-0.0884114616;-0.1066380229
62.080953849;6.8371614566;-0.02673047;-0.0903411491;-0.1120651062
62.580961532;6.8973567691;-0.0269075534;-0.0925755241;-0.1162122416
63.080969214;6.9559895816;-0.0269570325;-0.0949531282;-0.1202994812
63.600977204;7.0163281232;-0.0270390638;-0.0977083366;-0.1244674499
64.080984579;7.0753776024;-0.0274361992;-0.1000729199;-0.128078127
64.600992567;7.1366015607;-0.0278164075;-0.1027239616;-0.1318854187
65.101000248;7.192903644;-0.0283151055;-0.1053072949;-0.1356640645
65.601007929;7.2480338523;-0.0285299492;-0.1081770866;-0.1397265645
66.10101561;7.304778644;-0.028604168;-0.1119114616;-0.1436067728
66.601023291;7.3598437481;-0.0283815117;-0.1160651074;-0.1476471374
67.101030972;7.4133072898;-0.0286223971;-0.1201614616;-0.1521653666
67.601038653;7.4563281231;-0.0271901055;-0.1302838574;-0.1593203145
68.101046334;7.4308854148;-0.0151953138;-0.1735156282;-0.1670572937
68.601054015;7.4824218731;-0.0101380221;-0.1892526074;-0.1719270853
69.101061696;7.4253124981;5.794257449E-04;-0.2412812532;-0.192500002
69.601069377;7.4902343731;1.635415326E-03;-0.2516796907;-0.2003085958
70.101077058;7.5464192689;1.800779908E-03;-0.2605781282;-0.2071835958
70.601084739;7.5939713522;1.424477821E-03;-0.2687812532;-0.2141640645
71.10109242;7.6463541647;4.036444952E-04;-0.2760703157;-0.2211171895
71.601100101;7.6904036439;-7.656263405E-04;-0.2829010448;-0.2267356791
72.101107781;7.7398046855;-3.13541801E-03;-0.2878802115;-0.2314752624
72.601115462;7.6590885397;-0.0198190117;-0.3157109407;-0.2155364603
73.101123143;7.7067708314;-0.0242695325;-0.3248645865;-0.2254752624
73.601130824;7.7683984355;-0.0258255221;-0.3332239615;-0.2317864603
74.101138505;7.8220052063;-0.0282864596;-0.3397135448;-0.2367695332
74.601146186;7.865859373;-0.030652345;-0.3472239615;-0.2420651062
75.101153867;7.9058984355;-0.0346119805;-0.3536744823;-0.2457330749
75.601161548;7.9476432271;-0.0432721367;-0.357591149;-0.248828127
76.101169229;7.9898567688;-0.0477526055;-0.3639531282;-0.2535130228
76.60117691;7.9738411438;-0.0356250013;-0.4019869823;-0.2705963562
77.101184591;8.0325390604;-0.0363880221;-0.4093828156;-0.2763958353
77.601192272;8.0963541646;-0.0376914075;-0.4147812531;-0.2805143249
78.101199953;8.1477473938;-0.0389531263;-0.4198281282;-0.2846119811
78.601207634;8.1923307271;-0.0434843763;-0.4244140657;-0.2936497416
79.101215315;8.2103515604;-0.0422500013;-0.4403489615;-0.2949661478
79.601222996;8.1764583312;-0.0613789075;-0.4512578156;-0.2815091166
80.101230677;8.2333072896;-0.0670846367;-0.4555000031;-0.2893541686
80.601238358;8.2900911437;-0.0704921888;-0.4594270865;-0.2944518249
81.101246039;8.3436848937;-0.0735651054;-0.4630937531;-0.2989348978
81.60125372;8.3931380187;-0.0752877617;-0.4672109406;-0.3037070332
82.101261401;8.4407552062;-0.0782174492;-0.4719687531;-0.3101601582
82.701270618;8.4793098937;-0.0802434909;-0.4768671906;-0.3225377624
83.12127707;8.3635416645;-0.0820182304;-0.4768671906;-0.3233671895
83.641285058;8.4294140603;-0.0820182304;-0.4196718781;-0.3233671895
84.101292125;8.4926171853;-0.1128268242;-0.517684899;-0.3406848978
84.601299806;8.5499479145;-0.1177942721;-0.5212135448;-0.3464622416
85.101307487;8.6090364561;-0.1210976575;-0.5244895865;-0.3518880228
85.601315168;8.6588802061;-0.1260143242;-0.5276432323;-0.3574023457
86.101322849;8.7063802061;-0.1309114596;-0.5318932323;-0.3664192728
86.60133053;8.7237239561;-0.1472421888;-0.532653649;-0.3683072936
87.10133821;8.7406640603;-0.1631888033;-0.5361432323;-0.3663502624
87.601345891;8.8068489561;-0.1688515638;-0.539638024;-0.3708424499
88.101353572;8.8545703102;-0.172277345;-0.5429479198;-0.3745039082
88.601361253;8.9092838519;-0.1766315117;-0.5466119823;-0.3778789082
89.101368934;8.9356249977;-0.1805455742;-0.5572838573;-0.3772460957
89.601376615;8.9893880185;-0.1831028658;-0.5617656281;-0.3811393249
90.101384296;9.0325390602;-0.1849453137;-0.5695182323;-0.386438804
90.601391977;9.0772135393;-0.1867708346;-0.5765442739;-0.3905130228
91.101399658;9.1202734352;-0.191964845;-0.5809817739;-0.3922877624
91.601407339;9.1402473935;-0.200464845;-0.5865859406;-0.387766929
92.10141502;9.1829557268;-0.2044140637;-0.5905442739;-0.3909270853
92.601422701;9.2367187476;-0.20810547;-0.5952005239;-0.3940859395
93.101430382;9.2696354143;-0.2107526054;-0.5992916698;-0.395204429
93.601438063;9.3162630185;-0.2132721367;-0.6029296906;-0.392687502
94.101445744;9.3632682268;-0.2160950533;-0.6064296906;-0.3943789082
94.601453425;9.4151822893;-0.2182825533;-0.6096927114;-0.3961809915
95.101461106;9.4643359351;-0.2203880221;-0.6130911489;-0.3986328145
95.601468787;9.5128385392;-0.2236119804;-0.6165703156;-0.4013736999
96.101476468;9.5643489559;-0.2264635429;-0.6198567739;-0.4044036478
96.601484149;9.6110807267;-0.2302513033;-0.6230651073;-0.4079440124
97.10149183;9.6586848934;-0.2336106783;-0.6262447948;-0.4117161478
97.601499511;9.7060156225;-0.2394010429;-0.6290468781;-0.4158958353
98.101507192;9.7271223933;-0.2629505221;-0.6233932323;-0.4170572936
98.601514873;9.7798437475;-0.2693268241;-0.6258776073;-0.4202877624
99.101522554;9.8260286433;-0.2737942721;-0.6288515656;-0.423281252
99.601530235;9.8764583308;-0.2768645846;-0.6321796906;-0.426126304
100.10153792;9.9228255183;-0.2796171887;-0.6355130239;-0.4287916686
100.6015456;9.9704166641;-0.2832031262;-0.6394895864;-0.4325520853
101.10155328;10.002239581;-0.2810976575;-0.6551328156;-0.444016929
101.60156096;10.045286456;-0.2840846366;-0.6598567739;-0.4475625019
102.10156864;10.095416664;-0.2869062512;-0.6646510448;-0.4515768249
102.60157632;10.139127602;-0.2882630221;-0.6716197948;-0.4545065124
103.101584;10.185299477;-0.2904921887;-0.6765755239;-0.4577252624
103.60159168;10.23582031;-0.2923190116;-0.6807369822;-0.4610065124
104.10159936;10.276562497;-0.2952578137;-0.6842994822;-0.4637812519
104.60160704;10.325585935;-0.2974739596;-0.6879010447;-0.4664596374
105.10161473;10.370559893;-0.2978684908;-0.6913177114;-0.4686432311
105.60162241;10.393854164;-0.3007161471;-0.6908046906;-0.4786406269
106.10163009;10.438580726;-0.3046145845;-0.6931848989;-0.4823007832
106.60163777;10.485963539;-0.3084791679;-0.6957838572;-0.4856536478
107.10164545;10.506067706;-0.3110481783;-0.6976588572;-0.4970416686
107.60165313;10.552929685;-0.313966147;-0.7000807322;-0.5029934915
108.10166081;10.603515622;-0.3175963554;-0.7027135447;-0.5065052103
108.60166849;10.652721351;-0.3202057304;-0.7057473989;-0.5101132832
109.10167617;10.701523435;-0.3237486991;-0.7086796906;-0.5135104186
109.60168385;10.750468747;-0.326777345;-0.7117812531;-0.5164296894
110.10169154;10.797734372;-0.3290703137;-0.7148151072;-0.5187304707
110.60169922;10.844700518;-0.3326901054;-0.7180494822;-0.5216796894
111.1017069;10.891471351;-0.335839845;-0.7212109406;-0.5250664082
111.60171458;10.930377601;-0.339544272;-0.7241041697;-0.5286875019
112.10172226;10.976236976;-0.3418815116;-0.7272786489;-0.5318802103
112.60172994;11.026796872;-0.3443580741;-0.7306276072;-0.5351302103
113.10173762;11.067825518;-0.3464153658;-0.7336432322;-0.5383164082
113.6017453;11.115768226;-0.348089845;-0.7369895864;-0.5416588561
114.10175298;11.156158851;-0.3522799491;-0.7407005239;-0.5449986998
114.60176066;11.169752601;-0.3598046887;-0.7460364614;-0.5498398457
115.10176834;11.221028643;-0.3646471366;-0.7488203156;-0.5532877623
115.60177603;11.266940101;-0.3684622408;-0.7519817739;-0.5564453144
116.10178371;11.318671872;-0.3718580741;-0.7551848989;-0.5596914082
116.60179139;11.338216143;-0.3726145845;-0.7681953156;-0.5609596373
117.10179907;11.385859372;-0.3763489595;-0.7722994822;-0.5644960957
117.60180675;11.411627601;-0.3936250012;-0.7675312531;-0.5647473978
118.10181443;11.456406247;-0.3956197929;-0.7701145864;-0.5684674498
118.60182211;11.510065101;-0.3980794283;-0.7732187531;-0.5720104186
119.10182979;11.553997393;-0.4016888033;-0.7763307322;-0.5752343769
119.60183747;11.601744789;-0.4054869804;-0.7795703156;-0.5784778665
120.10184515;11.646002601;-0.4085455741;-0.7827864614;-0.5814765644
120.60185284;11.689010414;-0.4111744804;-0.7862500031;-0.584454429
121.10186052;11.730221351;-0.4138763033;-0.7898593781;-0.5875000019
121.6018682;11.772760414;-0.4170312512;-0.7935052114;-0.5911250019
122.10187588;11.818593747;-0.4192968762;-0.7968854197;-0.5945039082
122.60188356;11.866627601;-0.4227031262;-0.8004244822;-0.5979713561
123.10189124;11.909986976;-0.4253216158;-0.8038958364;-0.6014648457
123.60189892;11.960390622;-0.4275546887;-0.8075260447;-0.6048580748
124.1019066;12.003085934;-0.4298802095;-0.8108958364;-0.6082213561
124.60191428;12.046367184;-0.4329583345;-0.814375003;-0.6115937519
125.10192196;12.089505205;-0.4362239595;-0.8177760447;-0.6147942727
125.60192965;12.130690101;-0.4387239595;-0.8212369822;-0.617829429
126.10193733;12.167044268;-0.4407968762;-0.8245989614;-0.6208880227
126.60194501;12.195703122;-0.4418658866;-0.8280026072;-0.6252539081
127.10195269;12.234817705;-0.4425234387;-0.8313098989;-0.6284583352
127.60196037;12.271028643;-0.4435807304;-0.8348541697;-0.631266929
128.10196805;12.286263018;-0.443919272;-0.8453515655;-0.6347708352
128.60197573;12.328203122;-0.445419272;-0.8490677114;-0.6382916686
129.10198342;12.369492184;-0.4472369803;-0.8521927114;-0.6414466165
129.6019911;12.378841143;-0.4490807304;-0.8548854197;-0.6431822936
130.10199879;11.843723955;-0.4406562512;-0.8463333364;-0.622048179
130.60200647;11.945156247;-0.4414062512;-0.849234378;-0.6240260436
131.10201415;12.038502601;-0.442184897;-0.8517604197;-0.6261315123
131.60202184;12.125546872;-0.4431875012;-0.8544895864;-0.6285403665
132.10202952;12.207643226;-0.4439960949;-0.8574791697;-0.6311236998
132.60203721;12.290559893;-0.4445572929;-0.8609479197;-0.6339153665
133.10204489;12.359388018;-0.4454166678;-0.8644348989;-0.6367708352
133.60205257;12.426588538;-0.4467799491;-0.8681484405;-0.6399440123
134.10206026;12.470585934;-0.4479765637;-0.8714036489;-0.6424609394
134.60206794;12.459388018;-0.4477916679;-0.8735989614;-0.6427278665
135.10207562;12.500742184;-0.4484309908;-0.8766484405;-0.6445664081
135.60208331;12.561757809;-0.4502565116;-0.8802317739;-0.6474140644
136.10209099;12.621315101;-0.4524257824;-0.8838776072;-0.6506158873
136.60209868;12.674023434;-0.4548190116;-0.887484378;-0.6537486998
137.10210636;12.718085934;-0.4572434908;-0.8909791697;-0.6566953144
137.60211404;12.753502601;-0.4590924491;-0.8943541697;-0.6590455748
138.10212173;12.678072913;-0.4576966158;-0.8954609405;-0.6560937519
138.60212941;12.732278643;-0.4585416678;-0.8984557322;-0.6571445331
139.1021371;12.798033851;-0.4607903658;-0.9019114614;-0.6597786477
139.60214478;12.856979163;-0.4632708345;-0.9056744822;-0.6629843769
140.10215246;12.912526038;-0.4658958345;-0.9093359405;-0.6662526061
140.60216015;12.96458333;-0.4675572928;-0.9130026072;-0.6697929706
141.10216783;13.00739583;-0.4705690116;-0.916515628;-0.6733802102
141.60217552;13.034700517;-0.4726770845;-0.9197760447;-0.6762278665
142.1021832;13.034440101;-0.4732109387;-0.9222838572;-0.677016929
142.60219088;13.074062497;-0.4743750012;-0.9255208364;-0.6790468769
143.10219857;13.122070309;-0.4764492199;-0.9287682322;-0.6819739602
143.60220625;13.173476559;-0.4779322928;-0.932343753;-0.6851992206
144.10221393;13.223385413;-0.4805585949;-0.9357838572;-0.6884726581
144.60222162;13.266249997;-0.4834166678;-0.9392552114;-0.6915520852
145.1022293;13.307460934;-0.4859947928;-0.9427838572;-0.694438804
145.60223699;13.335026038;-0.4877226574;-0.9461822947;-0.6964166685
146.10224467;13.349010413;-0.4884023449;-0.9494557322;-0.697908856
146.60225235;13.386601559;-0.4895052095;-0.9529817738;-0.699860679
147.10226004;13.428320309;-0.4906770845;-0.9566145863;-0.7029752623
147.60226772;13.471184892;-0.4919166678;-0.9604479197;-0.7085143248
148.10227541;13.501523434;-0.4928242199;-0.9644036488;-0.7145559915
148.60228309;13.539205726;-0.4937812512;-0.9688046905;-0.718721356
149.10229077;13.569765622;-0.4945677095;-0.9728515655;-0.7219466165
149.60229846;13.592903642;-0.4943945324;-0.9793359405;-0.7263815123
150.10230614;13.620768226;-0.4947838553;-0.9831171905;-0.7288671894
150.60231382;13.652096351;-0.495622397;-0.9877838572;-0.7311796894
151.10232151;13.690221351;-0.4962903658;-0.992218753;-0.7338020852
151.60232919;13.731692705;-0.4981510428;-0.9962682322;-0.7367018248
152.10233688;13.772109371;-0.499638022;-1.000437503;-0.7402408873
152.60234456;13.809335934;-0.5010273449;-1.0052916697;-0.744830731
153.10235224;13.841588538;-0.502825522;-1.0098177114;-0.7490208352
153.60235993;13.879778642;-0.5051302095;-1.0143333364;-0.7551549498
154.10236761;13.911249996;-0.5068450532;-1.0183333364;-0.7598476581
154.6023753;13.947473955;-0.5085104178;-1.0223151072;-0.7638007831
155.10238298;13.974687496;-0.5096250012;-1.0260859405;-0.7674036477
155.60239066;14.001471351;-0.5109609387;-1.0297369822;-0.7708216164
156.10239835;14.037044267;-0.5122552095;-1.0332734405;-0.7744778664
156.60240603;14.067877601;-0.5134140637;-1.0367421905;-0.777783856
157.10241372;14.085794267;-0.5143072928;-1.0399583364;-0.7807643248
157.6024214;14.099635413;-0.5144960949;-1.0431354197;-0.7827434914
158.10242908;14.099674476;-0.5142539074;-1.0462630239;-0.7843020852
224.58345073;14.132265621;-0.4699010428;-1.1204557322;-0.8262500018
225.08345842;14.193476559;-0.4711028658;-1.125359378;-0.8302773456
225.60346641;14.25473958;-0.4725807303;-1.130531253;-0.8343580748
226.08347378;14.316328121;-0.4737200533;-1.1353203155;-0.8382278664
226.60348177;14.372942705;-0.4747369803;-1.1404192738;-0.8424075539
227.08348915;14.428216142;-0.4764062512;-1.145078128;-0.8463333352
227.58349683;14.484374996;-0.4772721366;-1.1498541697;-0.8504921893
228.08350452;14.539166663;-0.4789557303;-1.1545182322;-0.854736981
228.60351251;14.59614583;-0.4810182303;-1.1593671905;-0.8590546893
229.08351989;14.645013017;-0.4829752616;-1.1636328155;-0.863065106
229.58352757;14.698059892;-0.4852447928;-1.1682838572;-0.8675130227
230.08353525;14.748359371;-0.4874908866;-1.1726640655;-0.8725104185
230.58354294;14.795624996;-0.4890273449;-1.1772265655;-0.8774791685
231.08355062;14.845716142;-0.4904088553;-1.1818385447;-0.8824075539
231.58355831;14.892304684;-0.4917500012;-1.1866171905;-0.8874453143
232.08356599;14.942825517;-0.4927721366;-1.1916848988;-0.8925559914
232.60357398;14.997044267;-0.4939648449;-1.1966119822;-0.8974804706
233.08358136;15.044010413;-0.496106772;-1.2008828155;-0.902143231
233.58358904;15.086080725;-0.5018684908;-1.2053151072;-0.9102721372
234.08359673;15.124023434;-0.5102343762;-1.2099505238;-0.9204570331
234.60360472;15.166445309;-0.5162174491;-1.2158229197;-0.9311315122
235.08361209;15.215807288;-0.5194765637;-1.2202317738;-0.9365247414
235.60362008;15.267460934;-0.5228463553;-1.2246796905;-0.9414986997
236.08362746;15.317018225;-0.5255468762;-1.2286822946;-0.9461106789
236.60363545;15.370455725;-0.5278763032;-1.2329609405;-0.9507773456
237.08364283;15.415481767;-0.5310950532;-1.236843753;-0.9552304706
237.60365082;15.46834635;-0.5346354178;-1.241062503;-0.9598320331
238.0836582;15.507395829;-0.5368671887;-1.2447369821;-0.9641250018
238.58366588;15.363124996;-0.5318528657;-1.245578128;-0.9647669289
239.08367356;15.442226559;-0.5336966157;-1.2492526071;-0.9682942726
239.58368125;15.509895829;-0.5360507824;-1.2527838571;-0.9734895851
240.08368893;15.573424475;-0.5381744803;-1.2568958363;-0.9778333351
240.58369662;15.632812496;-0.5400143241;-1.2609869821;-0.9821250018
241.0837043;15.688085933;-0.5416341157;-1.2650833363;-0.9865351581
241.58371198;15.741458329;-0.5435455741;-1.2691302113;-0.9909622414
242.08371967;15.798463538;-0.5459674491;-1.2731588571;-0.9955234393
242.58372735;15.849921871;-0.5498216157;-1.2770520863;-1.0000989602
243.08373503;15.895520829;-0.5549427095;-1.2803359405;-1.0048268248
243.58374272;15.947812496;-0.5598645845;-1.2840390655;-1.0096132831
244.0837504;15.991835933;-0.5647669282;-1.2874348988;-1.0147630227
244.58375809;16.043281246;-0.5679986991;-1.291375003;-1.0194609393
245.08376577;16.089348954;-0.5714023449;-1.2955260446;-1.0240403664
245.60377376;16.140195308;-0.5742734386;-1.2995390655;-1.0287630227
246.08378114;16.184101558;-0.5769427095;-1.303140628;-1.0332421893
246.60378913;16.23490885;-0.5807539074;-1.3072578155;-1.0376562518
247.08379651;16.280091142;-0.5841080741;-1.3112109405;-1.0422083352
247.6038045;16.329609371;-0.5868789074;-1.3153828155;-1.0468789081
248.08381187;16.370312496;-0.5895078136;-1.3190703155;-1.0514505227
248.58381956;16.417083329;-0.5908177095;-1.322875003;-1.0558007831
249.08382724;16.458229162;-0.5926002616;-1.326593753;-1.0599140643
249.58383493;16.509414058;-0.5949700532;-1.3304296905;-1.0642578143
250.08384261;16.552734371;-0.5982291678;-1.3342578155;-1.0686236997
250.58385029;16.598124996;-0.6015039074;-1.3381041696;-1.0728984393
251.08385798;16.645911454;-0.6048307303;-1.342046878;-1.0772591164
251.58386566;16.689531246;-0.608059897;-1.3459140655;-1.0816184914
252.08387334;16.733124996;-0.6115533866;-1.349750003;-1.0858424497
252.58388103;16.781093746;-0.6142174491;-1.3536380238;-1.0900989602
253.08388871;16.825963537;-0.6166458345;-1.3573489613;-1.0942304706
253.6038967;16.870013017;-0.6195481782;-1.3612578155;-1.0985989602
254.08390408;16.909713537;-0.6237265636;-1.3637734404;-1.1016263039
254.58391176;16.952630204;-0.6278229178;-1.3666588571;-1.1053854185
255.08391945;16.997695308;-0.6314101574;-1.3701614613;-1.1095794289
255.60392744;17.043984371;-0.634450522;-1.3738880238;-1.1139322935
256.08393482;17.085703121;-0.6368020845;-1.3774895863;-1.1182005227
256.60394281;17.1313151;-0.6390312511;-1.3813645863;-1.1225286476
257.08395018;17.172838537;-0.6404023449;-1.3848593779;-1.1267330747
257.58395787;17.219101558;-0.6418463553;-1.3885052113;-1.1309388039
258.08396555;17.26397135;-0.6438736991;-1.3921015654;-1.1350078143
258.58397323;17.305299475;-0.6471510428;-1.3956666696;-1.1384531268
259.08398092;17.342825516;-0.6506250011;-1.3989661488;-1.1425260435
259.5839886;17.386028641;-0.653639324;-1.4027786488;-1.1470403664
260.08399629;17.425494787;-0.6567565115;-1.4064401071;-1.1510924497
260.58400397;17.455624996;-0.659278647;-1.4099218779;-1.158346356
261.08401165;17.493697912;-0.661122397;-1.4137682321;-1.1649765643
261.58401934;17.537617183;-0.6633606782;-1.4175312529;-1.1697773456
262.08402702;17.580703121;-0.6651497407;-1.4212656279;-1.1743645851
262.58403471;17.6266276;-0.6682135428;-1.4249687529;-1.1789583351
263.08404239;17.669687495;-0.6698007824;-1.4287291696;-1.1834973976
263.58405007;17.716367183;-0.6728190115;-1.4325729196;-1.188018231
264.08405776;17.757278641;-0.6746770845;-1.4363515654;-1.1924335955
264.60406575;17.801822912;-0.6776497407;-1.4404453154;-1.1970716164
265.08407313;17.84804687;-0.6803984386;-1.4441901071;-1.201502606
265.60408112;17.891497391;-0.683263022;-1.4485572946;-1.2065572935
266.08408849;17.915624995;-0.6840520845;-1.4562213571;-1.2132109393
266.60409648;17.938164058;-0.6848320324;-1.4620286488;-1.2193033872
267.08410386;17.97772135;-0.6871640636;-1.4659244821;-1.2236523455
267.58411154;18.027291662;-0.6886966157;-1.4699869821;-1.2280898455
268.08411923;18.074856766;-0.6897734386;-1.4737656279;-1.232065106
268.58412691;18.122161454;-0.6918710949;-1.4776223988;-1.236283856
269.0841346;18.167604162;-0.6951653657;-1.4814296904;-1.2404934914
269.58414228;18.212343745;-0.6986901053;-1.4853932321;-1.2450625018
270.08414996;18.261158849;-0.7020013032;-1.4894921904;-1.2494908872
270.58415765;18.304023433;-0.7054466157;-1.4935000029;-1.2540742205
271.08416533;18.348502599;-0.708983074;-1.4974140654;-1.2585364601
271.58417302;18.392760412;-0.7124088553;-1.5013411487;-1.2640520851
272.0841807;18.438437495;-0.7146210949;-1.5051067738;-1.2690455747
272.58418838;18.482317704;-0.7178867199;-1.5089557321;-1.2737630226
273.08419607;18.524309891;-0.720092449;-1.5126901071;-1.2783463559
273.60420406;18.570104162;-0.7232109386;-1.5166562529;-1.2830846372
274.08421144;18.608216141;-0.7252213553;-1.5204088571;-1.2873906268
274.60421943;18.643945308;-0.7276171886;-1.5261953154;-1.2927135434
275.0842268;18.677643224;-0.7299739594;-1.5304661487;-1.2973059914
275.60423479;18.718020829;-0.7319895844;-1.5355651071;-1.3023190122
276.08424217;18.758789058;-0.7337369803;-1.5398333362;-1.3069231789
276.58424985;18.801380204;-0.7365898449;-1.5438281279;-1.3113177101
277.08425754;18.847656245;-0.7379218761;-1.5477213571;-1.3158268247
277.58426522;18.894205724;-0.7398242199;-1.5515625029;-1.3208854184
278.08427291;18.937486974;-0.7424843761;-1.5555026071;-1.3254739601
278.58428059;18.984401037;-0.7462096365;-1.5597031279;-1.3302174497
279.08428827;19.026471349;-0.7493151053;-1.5639791696;-1.3346236997
279.58429596;19.070950516;-0.7523815115;-1.5683984404;-1.3391002622
280.08430364;19.11367187;-0.7556783865;-1.5727239612;-1.3435208351
280.58431133;19.155156245;-0.7592200532;-1.5768932321;-1.3479322934
281.08431901;19.196002599;-0.7623229178;-1.5810598987;-1.3523450538
281.58432669;19.23554687;-0.7639752615;-1.5849453154;-1.3567161476
282.08433438;19.267447912;-0.7667773448;-1.5886875029;-1.3610221372
282.58434206;19.307851558;-0.7681067719;-1.5922369821;-1.3649934913
283.08434974;19.347356766;-0.7706770844;-1.5958046904;-1.3688619809
283.58435743;19.391223953;-0.7726614594;-1.5996119821;-1.3729557309
284.08436511;19.433124995;-0.7759557303;-1.6032187529;-1.3771523455
284.5843728;19.481236974;-0.7790859386;-1.6070104196;-1.3815598976
285.08438048;19.526536453;-0.7816783865;-1.6107916696;-1.3857109392
285.58438816;19.569635412;-0.7840598969;-1.6146927112;-1.389957033
286.08439585;19.616562495;-0.7864231782;-1.6187239612;-1.3943919288
286.58440353;19.661093745;-0.7876419282;-1.6224843779;-1.3989153663
287.08441122;19.70476562;-0.7891848969;-1.6262317737;-1.403503908
287.5844189;19.747096349;-0.7915703136;-1.6300781279;-1.4081380226
288.08442658;19.789361974;-0.7943333344;-1.6339583362;-1.412816408
288.58443427;19.832786453;-0.7973763032;-1.6379322945;-1.4175299497
289.08444195;19.871302078;-0.7997747407;-1.6430000029;-1.4237031267
289.58444964;19.906367182;-0.8023723969;-1.6483541695;-1.4299986997
290.08445732;19.942356766;-0.8049140636;-1.6525338571;-1.4349401059
290.584465;19.98085937;-0.8078164073;-1.6562942737;-1.4395156267
291.08447269;20.022565099;-0.8107317719;-1.6601041695;-1.4440286476
291.58448037;20.063007807;-0.8123072928;-1.6638177112;-1.4485924496
292.08448805;20.111197912;-0.8154661469;-1.6676328154;-1.453113283
292.58449574;20.154700516;-0.8175677094;-1.6714921904;-1.4577786476
293.08450342;20.197291661;-0.8203776053;-1.6751562529;-1.4621210955
293.58451111;20.239023432;-0.8231041678;-1.6790078154;-1.4667317726
294.08451879;20.281458328;-0.8263190115;-1.682752607;-1.4711848976
294.58452647;20.326575516;-0.8288697927;-1.6867552112;-1.4758424496
295.08453416;20.364427078;-0.8323828136;-1.6906562529;-1.4810950538
295.58454184;20.402851557;-0.8352421886;-1.6946302112;-1.4859283871
296.08454953;20.446497391;-0.8366757823;-1.6985468779;-1.4905247413
296.58455721;20.483606766;-0.8383476573;-1.7024166695;-1.4949401059
297.08456489;20.526302078;-0.8413359386;-1.7062630237;-1.4994908871
297.58457258;20.566119786;-0.8444114594;-1.7101223987;-1.5040104184
298.08458026;20.60632812;-0.847576824;-1.7138880237;-1.508425783
298.58458795;20.648593745;-0.8506575532;-1.7177265654;-1.5128880226
299.08459563;20.690455724;-0.8538046886;-1.7214166695;-1.5172981788
299.58460331;20.731757807;-0.8570989594;-1.7250833362;-1.5219505225
300.084611;20.776914057;-0.8602591157;-1.7288854195;-1.5263502621
300.58461868;20.817031245;-0.8620937511;-1.7326562529;-1.5309440121
301.08462636;20.864869786;-0.8655052094;-1.7367135445;-1.5356484392
301.58463405;20.905963536;-0.8671796886;-1.7411223987;-1.5403671892
302.08464173;20.94414062;-0.8692513032;-1.7464817737;-1.5461406267
302.58464942;20.98570312;-0.8707278657;-1.7513906278;-1.5514778663
303.0846571;21.023567703;-0.8729882823;-1.7557760445;-1.5563697934
303.58466478;21.067161453;-0.8755846365;-1.7600468779;-1.5608867205
304.08467247;21.10367187;-0.8783190115;-1.7639427112;-1.5652617205
304.58468015;21.141835932;-0.8803684907;-1.7677890653;-1.5697356788
305.08468784;21.183802078;-0.8830468761;-1.771518232;-1.574128908
305.58469552;21.223815099;-0.884701824;-1.7752630237;-1.5783697934
306.0847032;21.26321614;-0.8856848969;-1.7791848987;-1.5826210954
306.58471089;21.30602864;-0.8877617198;-1.7829348987;-1.5867851579
307.08471857;21.346979161;-0.889842449;-1.7866979195;-1.5908437517
307.58472625;21.389127599;-0.8929166677;-1.7904583362;-1.5949479184
308.08473394;21.429335932;-0.8958567719;-1.7943203153;-1.5991848975
308.58474162;21.476471349;-0.8988880219;-1.7981328153;-1.6033776059
309.08474931;21.515585932;-0.9020156261;-1.8019348987;-1.6076158871
309.58475699;21.558437494;-0.9047591156;-1.805861982;-1.6119596371
310.08476467;21.601940099;-0.9077916677;-1.8098515653;-1.6163437517
310.58477236;21.640260411;-0.9095286469;-1.813877607;-1.6208632829
311.08478004;21.68212239;-0.911904949;-1.8179166695;-1.6251028663
311.58478773;21.718828119;-0.9151406261;-1.8218593778;-1.6293398454
312.08479541;21.758124994;-0.9168320323;-1.825721357;-1.6336445329
312.58480309;21.761406244;-0.918920574;-1.8295130237;-1.6379700538
313.08481078;21.839075515;-0.9205026052;-1.833377607;-1.6419843767
313.58481846;21.879244786;-0.9230533865;-1.8373020862;-1.6464257829
314.08482615;21.915807286;-0.9255898448;-1.8410572945;-1.6506054704
314.58483383;21.958242182;-0.9284296886;-1.8449348987;-1.6550299496
315.08484151;21.998450515;-0.9300013031;-1.8488333362;-1.6594140642
315.5848492;22.037109369;-0.9324973969;-1.8527734403;-1.663833335
316.08485688;22.081601557;-0.9344218761;-1.8568229195;-1.6682760433
316.58486456;22.120039057;-0.9352148448;-1.8608802112;-1.6728541683
317.08487225;22.159700515;-0.9369960948;-1.8648411487;-1.6773242204
317.58487993;22.203632807;-0.9393203136;-1.8689192736;-1.6818723975
318.08488762;22.23946614;-0.9419596365;-1.872861982;-1.6864088558
318.5848953;22.279544265;-0.9447096365;-1.8769348987;-1.6910091163
319.08490298;22.318203119;-0.9466289073;-1.8818203153;-1.6964518246
319.58491067;22.352473953;-0.9486914073;-1.8870703153;-1.7023229183
320.08491835;22.387864578;-0.9510403656;-1.8913984403;-1.7071263038
320.58492604;22.429101557;-0.9535234386;-1.8954531278;-1.7117838558
321.08493372;22.465195307;-0.9558190115;-1.8996328153;-1.7164687517
321.5849414;22.497643223;-0.9580416677;-1.9037187528;-1.7210429704
322.08494909;22.533632807;-0.959592449;-1.907783857;-1.7253059912
322.60495708;22.568346348;-0.9611184906;-1.912127607;-1.7296380225
323.08496446;22.593906244;-0.9626328135;-1.9158359403;-1.7334075537
323.58497214;22.624596348;-0.9639882823;-1.9197942737;-1.7371054704
324.08497982;22.647695307;-0.9650169281;-1.9236328153;-1.7405273454
324.58498751;22.674791661;-0.9662669281;-1.927596357;-1.7439765642
325.08499519;22.701445307;-0.9664921885;-1.931518232;-1.7475729183
325.58500287;22.735208328;-0.9673776052;-1.9354609403;-1.7514179704
326.08501056;22.770052078;-0.968670574;-1.9395286486;-1.7553619808
326.58501824;22.812656244;-0.969592449;-1.9435546903;-1.7593072933
327.08502593;22.854492182;-0.9715598969;-1.9476640653;-1.7635611996
327.58503361;22.894856765;-0.9736458344;-1.9517161486;-1.7677122412
328.08504129;22.932942702;-0.9757929698;-1.9556223986;-1.7719088558
328.58504898;22.968749994;-0.977967449;-1.9595755236;-1.7761119808
329.08505666;23.006080723;-0.9791692719;-1.9634583361;-1.7801328142
329.58506435;23.046575515;-0.981217449;-1.9673723986;-1.7841575537
330.08507203;23.081484369;-0.9825820323;-1.9712343778;-1.7883346371
330.58507971;23.116471348;-0.9838515635;-1.9750390653;-1.7924518246
331.0850874;23.155677077;-0.985201824;-1.978940107;-1.7966757829
331.58509508;23.188111973;-0.9865481781;-1.9828229195;-1.8009544287
332.08510276;23.224674473;-0.9888710948;-1.9869296903;-1.8052565121
332.58511045;23.266210932;-0.9914166677;-1.9909765653;-1.8096380225
333.08511813;23.304348952;-0.9938020844;-1.9950989611;-1.8140494808
333.58512582;23.339257807;-0.9964114594;-1.9992500028;-1.8189570329
334.0851335;23.363828119;-0.9991054698;-2.0034843778;-1.8247630225
334.58514118;23.404179682;-1.0018151052;-2.007393232;-1.8294335954
335.08514887;23.443463536;-1.0041445323;-2.0113020861;-1.8338033871
335.58515655;23.483567702;-1.0066119803;-2.0153697944;-1.8382057308
336.08516424;23.523020827;-1.0086914073;-2.0195208361;-1.8425846371
336.58517192;23.554986973;-1.0099726573;-2.0234505236;-1.8471497412
337.0851796;23.594179681;-1.0110221365;-2.0275911486;-1.8519804704
337.58518729;23.630598952;-1.0131223969;-2.0318645861;-1.8565872412
338.08519497;23.66212239;-1.0151145844;-2.0360338569;-1.8609322933
338.58520266;23.702630202;-1.0164335948;-2.0403333361;-1.865458335
339.08521034;23.730703119;-1.0176888032;-2.0444062528;-1.8714192725
339.58521802;23.759986973;-1.0199101573;-2.0485859403;-1.8766523454
340.08522571;23.795377598;-1.0229934907;-2.0527369819;-1.8817200537
340.58523339;23.831093744;-1.0254700532;-2.0569739611;-1.8863085954
341.08524107;23.869010411;-1.0278867198;-2.0611067736;-1.8911419287
341.58524876;23.905794265;-1.0290377615;-2.0651328153;-1.895928387
342.08525644;23.937942702;-1.0303476573;-2.0692578153;-1.9005885433
342.58526413;23.977812494;-1.0323138032;-2.0734114611;-1.9052695329
343.08527181;24.015039056;-1.0331276052;-2.0776223986;-1.9099166683
343.58527949;24.048124994;-1.0341822927;-2.0820000028;-1.9145403662
344.08528718;24.086002598;-1.0355351573;-2.0861458361;-1.919022137
344.58529486;24.123463536;-1.0374179698;-2.0903463569;-1.9236432308
345.08530255;24.157148431;-1.0394817719;-2.0946328153;-1.9281562516
345.58531023;24.195781244;-1.0416627615;-2.0988906278;-1.9327083349
346.08531791;24.235768223;-1.0436914073;-2.1034036486;-1.9374635433
346.5853256;24.267473952;-1.0460221365;-2.1077317736;-1.9419947933
347.08533328;24.306015619;-1.048358074;-2.1121484403;-1.946694012
347.58534097;24.340390619;-1.050170574;-2.1166562528;-1.9513606787
348.08534865;24.37415364;-1.0525377615;-2.1209947944;-1.9561015641
348.58535633;24.413294265;-1.0547708344;-2.1256406278;-1.9609713558
349.08536402;24.443307285;-1.0569401052;-2.1300859403;-1.9656601579
349.5853717;24.482669265;-1.0585260427;-2.1346979194;-1.9706263037
350.08537938;24.514999994;-1.0598815115;-2.1393098986;-1.975475262
350.58538707;24.533958327;-1.0577278657;-2.1522239611;-1.9870559912
351.08539475;24.566614577;-1.0573906261;-2.1611614611;-1.9948645849
351.58540244;24.595585931;-1.0577044282;-2.1685833361;-2.0015625016
352.08541012;24.63385416;-1.058123699;-2.1754687527;-2.0079869808
352.5854178;24.66213541;-1.0586783865;-2.1824296902;-2.0143736995
353.08542549;24.69430989;-1.0600533865;-2.1892708361;-2.0206992203
353.58543317;24.72713541;-1.0603476573;-2.1961041694;-2.0272265641
354.08544086;24.758502598;-1.0615625011;-2.2031458361;-2.0335820328
354.58544854;24.794700515;-1.0626132823;-2.2102604194;-2.0400937516
355.08545622;24.82213541;-1.0626132823;-2.2188020861;-2.0471250016
355.58546391;24.850117181;-1.0627747407;-2.2271119819;-2.0541666682
356.08547159;24.886145827;-1.0624101573;-2.2357890652;-2.0612513037
356.58547927;24.914179681;-1.0626067719;-2.2448177111;-2.0689075537
357.08548696;24.938945306;-1.0617408865;-2.2557864611;-2.0774726578
357.58549464;24.957617181;-1.0593125011;-2.2699531277;-2.0879335953
