0.6000092188;0.605924479;2.499984257E-04;-1.018232898E-03;3.265624051E-03
1.1000169013;0.6059895831;9.856755132E-04;-1.0260454E-03;3.272134465E-03
1.5800242764;0.6059765623;1.049477592E-03;-1.033857901E-03;3.266926134E-03
2.0800319588;0.605924479;9.453109305E-04;-1.031253734E-03;3.246092801E-03
2.5800396413;0.6059765623;9.361963457E-04;-1.028649567E-03;3.208332382E-03
3.0800473237;0.6060286456;9.531234318E-04;-1.049482903E-03;3.201821968E-03
3.5800550061;0.6060416665;9.570296751E-04;-1.049482903E-03;3.214842799E-03
4.0800626885;0.6059635415;1.015623427E-03;-1.0260454E-03;3.260415716E-03
4.5800703709;0.6060286456;1.062498427E-03;-1.015628731E-03;3.249999048E-03
5.0800780534;0.6061328123;1.022133845E-03;-1.028649567E-03;3.24218655E-03
5.5800857358;0.6059765623;1.015623427E-03;-1.013024564E-03;3.263019883E-03
6.0800934182;0.6060416665;9.374984292E-04;-1.033857901E-03;3.256509466E-03
6.5801011006;0.6060677081;1.036456764E-03;-1.028649567E-03;3.236978216E-03
7.080108783;0.6060546873;8.984359301E-04;-1.044274569E-03;3.272134465E-03
7.5801164655;0.6061458331;8.880192617E-04;-1.015628731E-03;3.268228218E-03
8.0801241479;0.6058854165;8.658838487E-04;-1.028649567E-03;3.259113633E-03
8.5801318303;0.606080729;9.921859309E-04;-1.036462068E-03;3.266926134E-03
9.0801395127;0.6061067706;9.414046799E-04;-1.018232898E-03;3.265624051E-03
9.5801471952;0.606080729;1.057290093E-03;-1.013024564E-03;3.252603215E-03
10.080154878;0.6061197915;9.127588418E-04;-1.00781623E-03;3.110676134E-03
10.58016256;0.6061067706;9.140609254E-04;-1.005212063E-03;3.268228218E-03
11.080170242;0.6061328123;9.570296751E-04;-1.023441233E-03;3.19531155E-03
11.580177925;0.6060546873;9.205713431E-04;-1.023441233E-03;3.289061551E-03
12.080185607;0.6060937498;8.971338465E-04;-1.041670402E-03;3.188801132E-03
12.58019329;0.6061067706;9.973942651E-04;-1.0260454E-03;3.096353215E-03
13.080200972;0.6060677081;1.014321344E-03;-9.869828936E-04;3.113280301E-03
13.580208655;0.6060937498;9.531234318E-04;-1.00781623E-03;3.188801132E-03
14.080216337;0.6060937498;1.03515468E-03;-1.005212063E-03;3.141926132E-03
14.580224019;0.6060677081;8.841130111E-04;-1.036462068E-03;3.075519882E-03
15.080231702;0.6059765623;1.023435928E-03;-1.036462068E-03;3.024738634E-03
15.580239384;0.6060156248;1.006508842E-03;-1.036462068E-03;3.0820303E-03
16.080247067;0.6080989581;9.114567656E-04;-1.052087071E-03;3.083332383E-03
16.580254749;0.6120833331;8.828109275E-04;-1.039066235E-03;3.447915714E-03
17.080262431;0.6205078123;9.531234318E-04;-1.049482903E-03;3.566405299E-03
17.580270114;0.6241406248;9.531234318E-04;-1.049482903E-03;3.578124051E-03
18.080277796;0.6389843748;9.374984292E-04;-1.085941228E-03;3.433592799E-03
18.580285479;0.659518229;8.59373431E-04;-1.125003735E-03;3.207030298E-03
19.080293161;0.6930338539;7.083317614E-04;-1.296878734E-03;3.023436551E-03
19.580300844;0.7293359373;4.453109286E-04;-1.458337064E-03;2.701821966E-03
20.080308526;0.7688151039;3.424463429E-04;-1.645837066E-03;2.444009467E-03
20.580316208;0.8143359372;1.300511939E-06;-1.841149569E-03;2.003905301E-03
21.080323891;0.8624739581;-2.057307356E-04;-2.062503728E-03;1.610676132E-03
21.580331573;0.9152343747;-4.348974034E-04;-2.307295406E-03;1.764321965E-03
22.080339256;0.9701562497;-7.317724012E-04;-2.554691236E-03;1.164061548E-03
22.580346938;1.0274479164;-1.152345321E-03;-2.804691233E-03;7.981761336E-04
23.080354621;1.0814713539;-1.52213699E-03;-3.067712066E-03;5.195303019E-04
23.580362303;1.1392057289;-1.898439069E-03;-3.335941233E-03;2.213446714E-05
24.080369985;1.1983723955;-2.216147404E-03;-3.635420405E-03;-6.315113641E-04
24.580377668;1.2601171872;-2.397136988E-03;-3.916670393E-03;-1.054688447E-03
25.08038535;1.3215104163;-2.50130365E-03;-4.2213579E-03;-1.5820322E-03
25.580393033;1.3844140621;-2.63151199E-03;-4.494795401E-03;-1.964844697E-03
26.080400715;1.452786458;-3.177084901E-03;-4.815107895E-03;-2.54036553E-03
26.580408397;1.5159895829;-3.346355733E-03;-5.101566232E-03;-3.149740532E-03
27.08041608;1.5786718746;-3.781251572E-03;-5.408857905E-03;-3.55989678E-03
27.580423762;1.6433463537;-4.1458349E-03;-5.783857894E-03;-4.197917616E-03
28.080431445;1.7098437496;-4.571616154E-03;-6.059899562E-03;-4.763021781E-03
28.580439127;1.7800781245;-5.026043239E-03;-6.369795402E-03;-5.411459282E-03
29.08044681;1.849882812;-5.485678651E-03;-6.710941233E-03;-6.100261365E-03
29.580454492;1.915507812;-5.933595319E-03;-7.036462062E-03;-6.704428029E-03
30.080462174;1.9842057287;-6.38672032E-03;-7.377607893E-03;-7.433594699E-03
30.580469857;2.0517447911;-6.842449489E-03;-7.697920402E-03;-8.069011364E-03
31.080477539;2.1179687495;-7.307293235E-03;-8.02344123E-03;-8.778646781E-03
31.580485222;2.1864453119;-7.51692865E-03;-8.35677456E-03;-9.333334281E-03
32.080492904;2.2552604161;-7.972657818E-03;-8.68489957E-03;-9.954428031E-03
32.580500587;2.3264713536;-8.544272401E-03;-8.992191229E-03;-0.0106276051
33.080508269;2.3926822911;-9.023439066E-03;-9.320316225E-03;-0.0113072926
33.580515951;2.4574609369;-9.436199485E-03;-9.61719123E-03;-0.0119895842
34.080523634;2.5245833327;-9.888022403E-03;-9.984378732E-03;-0.0126979176
34.580531316;2.5917187493;-0.0102083349;-0.0102760454;-0.0133476572
35.080538999;2.6582031243;-0.0106848974;-0.010614587;-0.0140429696
35.580546681;2.7263151035;-0.0111601578;-0.0109401079;-0.014735678
36.080554364;2.7914713535;-0.0115377619;-0.0112838578;-0.0153567717
36.580562046;2.8552343743;-0.0120221369;-0.0115963579;-0.0159674488
37.080569728;2.9217317701;-0.0124544286;-0.011927087;-0.0165130217
37.580577411;2.9893619784;-0.0128554703;-0.0122291704;-0.0170768238
38.080585093;3.0525130201;-0.0132187515;-0.0125026079;-0.0176588551
38.580592776;3.1151302075;-0.0137486994;-0.0128229204;-0.0182148446
39.080600458;3.1809374992;-0.0141614599;-0.0131041704;-0.0187369801
39.58060814;3.2433854158;-0.0145937515;-0.0133776079;-0.0193932301
40.080615823;3.30313802;-0.0151093765;-0.0136041704;-0.0199791676
40.580623505;3.3657552075;-0.0154544286;-0.0139661495;-0.0205104176
41.080631188;3.4232421866;-0.0159023453;-0.0142578162;-0.0210963551
41.58063887;3.4792317699;-0.0164114599;-0.0144765662;-0.0216875009
42.080646553;3.5391536449;-0.0167083349;-0.0147473995;-0.0222005217
42.580654235;3.5926953116;-0.0170833349;-0.0149869829;-0.0226380217
43.080661917;3.6458984366;-0.0176341161;-0.0152447954;-0.023063803
43.5806696;3.6909505199;-0.0179010432;-0.015427087;-0.0233645842
44.080677282;3.7411067699;-0.0182122411;-0.0156171912;-0.0239127613
44.580684965;3.7838541657;-0.0185677099;-0.0158046912;-0.0243398446
45.080692647;3.8275390615;-0.0189466161;-0.015973962;-0.0248007821
45.58070033;3.8746614573;-0.0192395849;-0.0161640662;-0.025157553
46.080708012;3.9195442698;-0.0195585953;-0.0163385453;-0.0255039071
46.580715694;3.962578124;-0.019804689;-0.016552087;-0.0259205738
47.080723377;4.005312499;-0.019945314;-0.0167135454;-0.0262617196
47.580731059;4.0539713531;-0.020179689;-0.0168906287;-0.0266223967
48.080738742;4.0986458323;-0.0204791682;-0.0170859412;-0.0269557301
48.580746424;4.1418359364;-0.0207083349;-0.017270837;-0.0273125009
49.080754106;4.1825130198;-0.0211653661;-0.0174322954;-0.0277070321
49.580761789;4.2240624989;-0.0215299494;-0.0176223995;-0.0280820321
50.080769471;4.2662239572;-0.0217942724;-0.0178098995;-0.0285156259
50.580777154;4.3090494781;-0.0222278661;-0.0180078162;-0.0289023446
51.080784836;4.3483593739;-0.0223723974;-0.0181354204;-0.0293580738
51.580792519;4.3899218739;-0.0224804703;-0.018302087;-0.0299088551
52.080800201;4.4292578114;-0.0223059911;-0.0184192745;-0.0304010426
52.580807883;4.4701953114;-0.0227447932;-0.0185781287;-0.0308750009
53.080815566;4.5091145822;-0.0227825536;-0.0187421912;-0.031329428
53.580823248;4.5400911447;-0.0229388036;-0.0188411495;-0.0317226571
54.080830931;4.5723046863;-0.0231692724;-0.0189661495;-0.0320937509
54.580838613;4.595221353;-0.0233867203;-0.0190312537;-0.0324101571
55.080846296;4.6202604155;-0.0236510432;-0.0190885453;-0.0327382821
55.580853978;4.6211458321;-0.0237877619;-0.0190781287;-0.0328867196
56.08086166;4.621158853;-0.0238971369;-0.0190572954;-0.0329192717
56.580869343;4.6278645822;-0.0237903661;-0.0190442745;-0.0330924488
57.080877025;4.6489973946;-0.0238372411;-0.0190494829;-0.0333684905
57.580884708;4.6766927071;-0.0239869807;-0.019067712;-0.033704428
58.08089239;4.704674478;-0.0241901057;-0.0190911495;-0.0340690113
58.580900072;4.7395703113;-0.0244401057;-0.0190885453;-0.0344257821
59.080907755;4.7713151029;-0.0246835953;-0.019177087;-0.0347786467
59.580915437;4.8094401029;-0.0249440119;-0.0192656287;-0.0351822926
60.08092312;4.8508723946;-0.0251041682;-0.0193671912;-0.0356966155
60.580930802;4.8913541654;-0.0252408869;-0.0195182328;-0.0362369801
61.080938485;4.9317968737;-0.0254283869;-0.0196744829;-0.0367226571
61.580946167;4.9763151029;-0.0258190119;-0.0198619829;-0.0373515634
62.080953849;5.0179557279;-0.0262057307;-0.0200546912;-0.0377734384
62.580961532;5.0597786445;-0.0264856786;-0.0202317745;-0.0383684905
63.080969214;5.1102213529;-0.0266705744;-0.020458337;-0.039016928
63.580976897;5.1532812487;-0.0268997411;-0.0206666703;-0.039516928
64.080984579;5.2020442695;-0.0271627619;-0.0208723995;-0.0402929696
64.58099226;5.2449088528;-0.0274023453;-0.0210755245;-0.0408216155
65.101000248;5.2984635403;-0.0277981786;-0.0213776078;-0.0416588551
65.601007929;5.3461979153;-0.0281132828;-0.0217578162;-0.0425989592
66.10101561;5.3908984361;-0.0284882828;-0.0220260453;-0.0433385426
66.601023291;5.4421484361;-0.0289257828;-0.0223932329;-0.0442304696
67.101030972;5.4847395819;-0.0292994807;-0.0226562537;-0.0446510426
67.601038653;5.5325651028;-0.0297760432;-0.0229322954;-0.045407553
68.101046334;5.5817838527;-0.0302760432;-0.0233307328;-0.0463658863
68.601054015;5.6308333319;-0.0306367203;-0.0236848995;-0.0473242196
69.101061696;5.6777473944;-0.0311419286;-0.0240494828;-0.0481497405
69.601069377;5.7272005194;-0.0315768244;-0.0243307328;-0.0488984384
70.101077058;5.7744010402;-0.0320299494;-0.0246588578;-0.0496835946
70.601084739;5.8256901027;-0.0325338557;-0.0249453162;-0.0504283863
71.10109242;5.873085936;-0.0330000015;-0.0252317745;-0.0511536467
71.601100101;5.9224739568;-0.0335976578;-0.0255937537;-0.0520690113
72.101107781;5.973945311;-0.0339713557;-0.0259322953;-0.0528736988
72.601115462;6.020429686;-0.0345559911;-0.026317712;-0.0537812509
73.101123143;6.0694270818;-0.0350299494;-0.026598962;-0.0546796884
73.601130824;6.1135677068;-0.0354466161;-0.027020837;-0.0555026051
74.101138505;6.1635026026;-0.0358815119;-0.0274192745;-0.0564843759
74.601146186;6.2097916651;-0.0364713557;-0.0277942745;-0.0573541676
75.101153867;6.2562630192;-0.0368958348;-0.0281744829;-0.0581497405
75.601161548;6.3041015609;-0.0375221369;-0.0287213579;-0.0594713551
76.101169229;6.34705729;-0.037851564;-0.029255212;-0.0609986988
76.60117691;6.3950911442;-0.0381888036;-0.029833337;-0.0621992196
77.101184591;6.442604165;-0.0388151057;-0.0303671912;-0.0633671884
77.601192272;6.48455729;-0.0392994807;-0.0309713578;-0.0646341155
78.101199953;6.5344661442;-0.0397460953;-0.0316510454;-0.0657942717
78.601207634;6.5778515608;-0.0401888036;-0.0323046912;-0.0670416676
79.101215315;6.6251302066;-0.040648439;-0.0330651079;-0.0684973967
79.601222996;6.6680468733;-0.0409127619;-0.033770837;-0.0697447926
80.101230677;6.7164583316;-0.041023439;-0.0345468787;-0.0709622405
80.601238358;6.7577864566;-0.0420989598;-0.0350703162;-0.0713541676
81.101246039;6.7975390608;-0.0441197932;-0.0352005245;-0.0706757821
81.60125372;6.8456770816;-0.0454973973;-0.0358281287;-0.0716119801
82.101261401;6.8923177066;-0.046351564;-0.0365885453;-0.0729062509
82.601269082;6.9338151024;-0.0466705744;-0.0374609412;-0.0743815113
83.101276763;6.9792187482;-0.0471601578;-0.0385859412;-0.0758828134
83.601284444;7.0230859357;-0.0480807307;-0.0395234412;-0.077438803
84.101292125;7.0702994774;-0.0493111994;-0.0403776078;-0.0788750009
84.601299806;7.1126562482;-0.0511744807;-0.0410000037;-0.0798411467
85.101307487;7.155950519;-0.0525820328;-0.042067712;-0.0813059905
85.601315168;7.1808593732;-0.0555507828;-0.0423750037;-0.0873085946
86.101322849;7.2161588523;-0.0584804703;-0.0430312537;-0.0911484384
86.60133053;7.2630078106;-0.0613723973;-0.0435598995;-0.0938971363
87.10133821;7.3035937481;-0.0680781265;-0.0430156287;-0.0944335946
87.601345891;7.3056640606;-0.091851564;-0.034364587;-0.0979518238
88.101353572;7.354622394;-0.102054689;-0.0325104203;-0.1002278655
88.601361253;7.3969401023;-0.1070898453;-0.0324375037;-0.1011354175
89.101368934;7.4402604148;-0.1128098973;-0.0321562537;-0.1029309905
89.601376615;7.4818880189;-0.1172096369;-0.0320963578;-0.104938803
90.101384296;7.5246484356;-0.1211080744;-0.0320937537;-0.1070390634
90.601391977;7.5648697897;-0.1236497411;-0.0317187537;-0.1091835946
91.101399658;7.6065364564;-0.1285664077;-0.0318411495;-0.1113567717
91.601407339;7.634921873;-0.1336054702;-0.0345963578;-0.120251303
92.10141502;7.6657682272;-0.1394466161;-0.0354088578;-0.1262578134
92.601422701;7.7022916647;-0.1429882827;-0.036661462;-0.1304322925
93.101430382;7.7207942689;-0.1463138036;-0.0379817745;-0.1353476571
93.601438063;7.7568229147;-0.1484127619;-0.0396250037;-0.1392187509
94.101445744;7.795703123;-0.1516367202;-0.041067712;-0.1430143238
94.601453425;7.8270833313;-0.1542200536;-0.0427057328;-0.1457291675
95.101461106;7.8469401022;-0.1580625015;-0.0484557328;-0.1529804696
95.601468787;7.8758203105;-0.1635117202;-0.0522916703;-0.1592773446
96.101476468;7.8672916647;-0.1687669286;-0.0667265662;-0.1574960946
96.601484149;7.8928255188;-0.1742669286;-0.0725442745;-0.1617617196
97.10149183;7.9364192688;-0.1799049494;-0.0757135453;-0.1652929696
97.601499511;7.9739192688;-0.185273439;-0.0798541703;-0.1697786467
98.101507192;7.9833333313;-0.1913710952;-0.0911093787;-0.1661393238
98.601514873;7.9901041646;-0.2104674494;-0.0919010453;-0.1561679696
99.101522554;8.0438020813;-0.215664064;-0.0941250037;-0.1584947925
99.601530235;8.0852213521;-0.2192617202;-0.0957682328;-0.1603359384
100.10153792;8.1254036438;-0.2211289077;-0.0971901078;-0.1620585946
100.6015456;8.1649088521;-0.2232447931;-0.0983906287;-0.1638085946
101.10155328;8.1682161437;-0.2424062515;-0.0956250037;-0.1567643238
101.60156096;8.2108333312;-0.2470885431;-0.0973750037;-0.1573059904
102.10156864;8.2572656229;-0.2499114598;-0.0994140662;-0.1585664071
102.60157632;8.2890494771;-0.2538854181;-0.1034531287;-0.1611757821
103.101584;8.3281510395;-0.2571054702;-0.107114587;-0.1633828134
103.60159168;8.366158852;-0.2596380223;-0.1108281287;-0.1658802092
104.10159936;8.4011067687;-0.2630364598;-0.1159192745;-0.1710520842
104.60160704;8.425768227;-0.2699205744;-0.119317712;-0.1764179696
105.10161473;8.4146484354;-0.297210939;-0.1192317745;-0.1733606779
105.60162241;8.4632421853;-0.3005664077;-0.1248307328;-0.1785052092
106.10163009;8.4866927062;-0.304180991;-0.1361041703;-0.175690105
106.60163777;8.511705727;-0.320290366;-0.1339010453;-0.17386198
107.10164545;8.5542708311;-0.326399741;-0.1350546912;-0.1767539071
107.60165313;8.5936197895;-0.3325377619;-0.1360312537;-0.1780846363
108.10166081;8.6411328103;-0.3369973973;-0.1374453162;-0.1798059904
108.60166849;8.6777343728;-0.3409661473;-0.1389244828;-0.1816158863
109.10167617;8.7243489561;-0.3440351577;-0.1405234411;-0.1833138029
109.60168385;8.7632161436;-0.3468177098;-0.1419947953;-0.1849518238
110.10169154;8.8064192686;-0.3507044285;-0.1435937537;-0.1867669279
110.60169922;8.8410286436;-0.3556210952;-0.1455494828;-0.1902031259
111.1017069;8.7039973936;-0.3987252618;-0.1629036495;-0.2125104175
111.60171458;8.7788411436;-0.4029882827;-0.1660416703;-0.2165208342
112.10172226;8.8413541644;-0.4069674493;-0.1693307328;-0.2199687508
112.60172994;8.8927473936;-0.4102083348;-0.1731041703;-0.2222539071
113.10173762;8.9328385394;-0.4135182306;-0.1767812536;-0.2246054696
113.6017453;8.9666666644;-0.4157083348;-0.1796848995;-0.2271640633
114.10175298;9.003958331;-0.4195234389;-0.1827369828;-0.2321653654
114.60176066;9.0421484352;-0.4242851577;-0.1853437536;-0.2365325529
115.10176834;9.0776822894;-0.4292148452;-0.1878906286;-0.2406796883
115.60177603;9.1152994768;-0.4324804702;-0.1917786495;-0.2457734383
116.10178371;9.1551953102;-0.4350390639;-0.196645837;-0.2511393238
116.60179139;9.1689062477;-0.4301692722;-0.2197968786;-0.2541171883
117.10179907;9.1981119768;-0.4406197931;-0.2232968786;-0.2574453133
117.60180675;9.238411456;-0.4448229181;-0.226505212;-0.2605195321
118.10181443;9.2799609351;-0.4485481785;-0.2309453161;-0.2645143238
118.60182211;9.3165624976;-0.4529231785;-0.2338255245;-0.2680117196
119.10182979;9.3484895809;-0.4589609389;-0.2366692745;-0.2722421883
119.60183747;9.3737890601;-0.4638697931;-0.240317712;-0.2778632821
120.10184515;9.4065885393;-0.4667200535;-0.2440937536;-0.2806054696
120.60185284;9.4180859351;-0.4762096368;-0.2509010453;-0.2768203133
121.10186052;9.4643098934;-0.4812356785;-0.253802087;-0.2804283862
121.6018682;9.5057552059;-0.4849270847;-0.2562916703;-0.2838867196
122.10187588;9.5429036434;-0.4882005222;-0.2585859411;-0.2871497404
122.60188356;9.5811067684;-0.4909752618;-0.2605937536;-0.2903046883
123.10189124;9.6199348934;-0.4934192722;-0.2627213578;-0.2942708342
123.60189892;9.6468098934;-0.4949479181;-0.2642369828;-0.3007565112
124.1019066;9.6880468725;-0.4978541681;-0.2666171911;-0.3046471362
124.60191428;9.7226822892;-0.4995963556;-0.2709869828;-0.3104895842
125.10192196;9.7323177058;-0.4922161472;-0.2942239619;-0.3278958342
125.60192965;9.7808854142;-0.4932304701;-0.2990078161;-0.3324960946
126.10193733;9.8263281225;-0.4944960952;-0.3024791703;-0.3359752612
126.60194501;9.8606380183;-0.4954479181;-0.3076484411;-0.3412031258
127.10195269;9.8941666641;-0.4961536472;-0.3133593786;-0.3472200529
127.60196037;9.9351041641;-0.4984713556;-0.3164583369;-0.3508203133
128.10196805;9.97488281;-0.5009036472;-0.3192734411;-0.3541093758
128.60197573;10.014674477;-0.5035338556;-0.3218723994;-0.3568359383
129.10198342;10.055377602;-0.5063385431;-0.3243645869;-0.3595273446
129.6019911;10.053619789;-0.5113763035;-0.3381302119;-0.3510872404
130.10199879;10.099531247;-0.5135195326;-0.3415833369;-0.3545625008
130.60200647;10.147395831;-0.5145052097;-0.3443593786;-0.3583567716
131.10201415;10.190585935;-0.5165924493;-0.3467083369;-0.3619361987
131.60202184;10.231210935;-0.5190859389;-0.3486145869;-0.3647434904
132.10202952;10.268763018;-0.5227083347;-0.3503359411;-0.3676796883
132.60203721;10.308372393;-0.5263111993;-0.3519505244;-0.3705416675
133.10204489;10.350260414;-0.5299244806;-0.3536692744;-0.37317448
133.60205257;10.385651039;-0.5331783868;-0.3554218786;-0.3757786466
134.10206026;10.425312497;-0.5356627618;-0.3573151078;-0.3783489591
134.60206794;10.465416664;-0.5389570326;-0.3591432328;-0.3807226571
135.10207562;10.505455726;-0.5413619806;-0.3611015661;-0.3833815112
135.60208331;10.549895831;-0.5438710951;-0.3630390661;-0.3859257821
136.10209099;10.591276039;-0.5469856785;-0.3649791703;-0.3883841154
136.60209868;10.632343747;-0.5505546889;-0.3669140661;-0.3910130216
137.10210636;10.671731768;-0.5541315118;-0.3688098994;-0.3936093758
137.60211404;10.707721351;-0.5576041681;-0.3707786494;-0.3961992196
138.10212173;10.749218747;-0.5606783868;-0.3728906286;-0.3988710946
138.60212941;10.785690101;-0.5629375014;-0.3748802119;-0.4015286466
139.1021371;10.826809893;-0.5645755222;-0.3770312536;-0.4044153654
139.60214478;10.865885414;-0.566729168;-0.3792265661;-0.40711198
140.10215246;10.907473956;-0.5705117201;-0.3814791703;-0.4100156258
140.60216015;10.946406247;-0.5743750014;-0.3835859411;-0.4128242195
141.10216783;10.976328122;-0.5835325535;-0.3835000036;-0.4138372404
141.60217552;11.016940101;-0.5877330743;-0.3852447953;-0.4167799487
142.1021832;11.056874997;-0.591055991;-0.3873463578;-0.4195690112
142.60219088;11.093190101;-0.5939869805;-0.3895651078;-0.4223085945
143.10219857;11.13223958;-0.5975533868;-0.3924453161;-0.4254010425
143.60220625;11.169908851;-0.6008671889;-0.3954973994;-0.4289283862
144.10221393;11.209999997;-0.6044596368;-0.3985625036;-0.4329153654
144.60222162;11.247747393;-0.607963543;-0.4008281286;-0.4360703133
145.1022293;11.273710935;-0.6113294285;-0.4020026077;-0.4378919279
145.60223699;11.31050781;-0.6135130222;-0.4036406286;-0.4404700529
146.10224467;11.346888018;-0.6158997409;-0.4055416702;-0.4437083341
146.60225235;11.38645833;-0.6201223972;-0.4075755244;-0.4467604175
147.10226004;11.427981768;-0.6243424493;-0.4094583369;-0.4496536466
147.60226772;11.468268226;-0.628276043;-0.4112916703;-0.4524440112
148.10227541;11.506692705;-0.6328216159;-0.4130911494;-0.455596355
148.60228309;11.526067705;-0.640604168;-0.4153697953;-0.46208073
149.10229077;11.556080726;-0.6450768243;-0.4184479203;-0.467644532
149.60229846;11.592161455;-0.6501236993;-0.4207057327;-0.4728893237
150.10230614;11.635143226;-0.654713543;-0.4228750036;-0.4768046883
150.60231382;11.677200518;-0.6581653659;-0.4248880244;-0.4801184904
151.10232151;11.718098955;-0.6614908868;-0.4273177119;-0.4834648445
151.60232919;11.757304684;-0.6633580743;-0.4306510452;-0.4873906258
152.10233688;11.796015622;-0.6665846368;-0.4331276077;-0.4908750008
152.60234456;11.825963539;-0.6764713555;-0.4330729202;-0.4902369799
153.10235224;11.841731768;-0.6821328139;-0.4428723994;-0.4847721362
153.60235993;11.890351559;-0.685307293;-0.4460494827;-0.4874166674
154.10236761;11.936471351;-0.6880403659;-0.4486666702;-0.4904270841
154.6023753;11.977408851;-0.6905937513;-0.4509713577;-0.4931315112
155.10238298;12.019596351;-0.6928906263;-0.4532812536;-0.4958333341
155.60239066;12.058463539;-0.6958906263;-0.4554947952;-0.4984921883
156.10239835;12.100664059;-0.6988515639;-0.4577317744;-0.5011484383
156.60240603;12.144296872;-0.7020221368;-0.4600026077;-0.5039635424
157.10241372;12.184388018;-0.705119793;-0.4624557327;-0.5066393237
157.6024214;12.221901039;-0.7076601576;-0.4656822952;-0.5089596362
158.10242908;12.261419268;-0.7095117201;-0.4699661494;-0.5119244799
158.60243677;12.303450518;-0.7100130222;-0.4753151077;-0.5166510424
159.10244445;12.337630205;-0.7101835951;-0.4826197952;-0.5237734383
159.60245213;12.377382809;-0.7116966159;-0.4859973994;-0.5277565112
160.10245982;12.418528643;-0.7128372409;-0.4889609411;-0.5315325529
160.6024675;12.459179684;-0.7156028659;-0.4915130244;-0.5346197924
161.10247519;12.498736976;-0.7186588555;-0.4939322952;-0.5375260424
161.60248287;12.54083333;-0.7216575534;-0.4963776077;-0.5404609383
162.10249055;12.582005205;-0.7245546888;-0.4988802119;-0.5433671883
162.60249824;12.62302083;-0.7273736993;-0.5018333369;-0.5467526049
163.10250592;12.662656247;-0.7301575534;-0.5046354202;-0.549941407
163.60251361;12.701940101;-0.7323216159;-0.5072135452;-0.5530768237
164.10252129;12.744934893;-0.7354752618;-0.5098593786;-0.5559869799
164.60252897;12.783124997;-0.7374713555;-0.5125052119;-0.5588841153
165.10253666;12.820195309;-0.7404335951;-0.5155182327;-0.5621575528
165.60254434;12.861445309;-0.7428763034;-0.5181640661;-0.5653867195
166.10255203;12.898867184;-0.7468684909;-0.5207786494;-0.5689166674
166.60255971;12.937226559;-0.7510182305;-0.5231380244;-0.5720468758
167.10256739;12.978541663;-0.7546809909;-0.525570316;-0.575253907
167.60257508;13.018046872;-0.7572812513;-0.5278828161;-0.5784062508
168.10258276;13.057721351;-0.7595312513;-0.5302369827;-0.5814153653
168.60259044;13.092890622;-0.7614960951;-0.5325833369;-0.5844049487
169.10259813;13.130716142;-0.7630742201;-0.5349843786;-0.5872916674
169.60260581;13.154778642;-0.7796744805;-0.5306979202;-0.5903463549
170.1026135;13.197291663;-0.7827278659;-0.5326015661;-0.5933333341
170.60262118;13.239934892;-0.7860794284;-0.5347317744;-0.5963424487
171.10262886;13.280039059;-0.7886315117;-0.5368515661;-0.5991093757
171.60263655;13.320455726;-0.7908098972;-0.5389348994;-0.6029960945
172.10264423;13.359778642;-0.7937122409;-0.5414687536;-0.6059609382
172.60265192;13.398320309;-0.7967565117;-0.5438619827;-0.6086783862
173.1026596;13.441328122;-0.7998177097;-0.5462604202;-0.6115247403
173.60266728;13.472578122;-0.8028320326;-0.5485468785;-0.6143333341
174.10267497;13.513528642;-0.8056744805;-0.5508255244;-0.6170325528
174.60268265;13.552005205;-0.8074466159;-0.5529635452;-0.6197018237
175.10269033;13.592135413;-0.8094973972;-0.5551979202;-0.6224283862
175.60269802;13.632877601;-0.8110846367;-0.5573906285;-0.6251510424
176.1027057;13.674361976;-0.813666668;-0.5596041702;-0.627769532
176.60271339;13.712369788;-0.8166888034;-0.5617369827;-0.630582032
177.10272107;13.749322913;-0.8197812513;-0.5639635452;-0.6332513028
177.60272875;13.785794267;-0.8226848972;-0.566257816;-0.6360117195
178.10273644;13.825481767;-0.8259505221;-0.5686093785;-0.6387942716
178.60274412;13.865768226;-0.8290859388;-0.5708463577;-0.6414335945
179.10275181;13.907252601;-0.8313255221;-0.5732369827;-0.6441692716
179.60275949;13.943229163;-0.8341796888;-0.5755442744;-0.6468463549
180.10276717;13.982643226;-0.8366705742;-0.5780364619;-0.6496080737
180.60277486;14.02114583;-0.8387721367;-0.5806354202;-0.652410157
181.10278254;14.060494788;-0.8419882826;-0.5832031285;-0.6550703132
181.60279023;14.099778642;-0.8454609388;-0.5856406285;-0.6577096362
182.10279791;14.120442705;-0.8468723971;-0.5888750035;-0.6567109382
182.60280559;14.155690101;-0.8492994805;-0.5915963577;-0.6572630216
183.10281328;14.200390621;-0.8522018242;-0.594320316;-0.6588489591
183.60282096;14.236679684;-0.8543645846;-0.5975911494;-0.6610872403
184.10282864;14.275325517;-0.8558333346;-0.5980364619;-0.6604843757
184.60283633;14.294127601;-0.8549518242;-0.6085182327;-0.661019532
185.10284401;14.3403776;-0.8569466159;-0.6111822952;-0.6630312507
185.6028517;14.371197913;-0.8584101576;-0.6106380244;-0.6665911466
186.10285938;14.412447913;-0.8602708346;-0.611789066;-0.6689036466
186.60286706;14.451979163;-0.862979168;-0.6136223994;-0.6712174486
187.10287475;14.4894401;-0.8666406263;-0.6154192744;-0.6735247403
187.60288243;14.525624996;-0.8702421888;-0.6172447952;-0.6758072924
188.10289012;14.569505205;-0.8736263034;-0.619070316;-0.6779648445
188.6028978;14.60552083;-0.877166668;-0.6207630244;-0.6801367195
189.10290548;14.646249996;-0.8801028659;-0.6225729202;-0.6823645841
189.60291317;14.68333333;-0.88323047;-0.6243437535;-0.6845703132
190.10292085;14.723216142;-0.8862955742;-0.6261458369;-0.6868372403
190.60292854;14.76098958;-0.8886419284;-0.6278854202;-0.6890885424
191.10293622;14.783359371;-0.8979830742;-0.6283489619;-0.6932057299
191.5829436;14.817434892;-0.9044075534;-0.6300651077;-0.6980052091
192.08295128;14.852968746;-0.9070013034;-0.6322473994;-0.7008489591
192.58295896;14.895338538;-0.909058595;-0.6348229202;-0.7038658861
193.08296665;14.935651038;-0.9114609388;-0.6375442744;-0.7069804695
193.58297433;14.971809892;-0.9147278659;-0.6400911494;-0.7101471361
194.08298201;15.012604163;-0.918214845;-0.6427916702;-0.7138854174
194.5829897;15.055416663;-0.9215716159;-0.6450520869;-0.7164895841
195.08299738;15.096341142;-0.9250455742;-0.6472500035;-0.7190117195
195.58300507;15.134765621;-0.9283958346;-0.6493151077;-0.7213645841
196.08301275;15.170481767;-0.9309843763;-0.6514401077;-0.7236562507
196.58302043;15.209882809;-0.9337109388;-0.6546718785;-0.7256875007
197.08302812;15.249062496;-0.935994793;-0.6576718785;-0.727832032
197.5830358;15.288164059;-0.9382369805;-0.6600182327;-0.7301627611
198.08304349;15.3235026;-0.9416757825;-0.6621614618;-0.7324127611
198.58305117;15.3597526;-0.9452578138;-0.6642552119;-0.7347096361
199.08305885;15.400742184;-0.9488294284;-0.6663619827;-0.7371901049
199.58306654;15.441223954;-0.9520091159;-0.668320316;-0.7394700528
200.08307422;15.480403642;-0.9542343763;-0.6702552118;-0.7418867195
200.58308191;15.516249996;-0.95641797;-0.6722916702;-0.7442122403
201.08308959;15.552382809;-0.9585494804;-0.6742369827;-0.7464778653
201.58309727;15.592200517;-0.96154297;-0.6762213577;-0.7488098965
202.08310496;15.631367184;-0.9652903659;-0.6782187535;-0.7511510424
202.58311264;15.665598954;-0.9691718763;-0.6801406285;-0.753567709
203.08312032;15.702044267;-0.9733255221;-0.6822187535;-0.7564401049
203.58312801;15.741171871;-0.9773945325;-0.6843489618;-0.7593671882
204.08313569;15.768385413;-0.9767539075;-0.6938932327;-0.7655065111
204.58314338;15.810260413;-0.978777345;-0.6979114618;-0.7688619799
205.08315106;15.841666663;-0.9838971367;-0.6998307327;-0.7723411465
205.58315874;15.856354163;-0.9853138034;-0.7098697952;-0.7843502611
206.08316643;15.895937496;-0.9877213554;-0.7142968785;-0.7901875007
206.58317411;15.938710933;-0.9914752617;-0.7168489618;-0.793410157
207.0831818;15.97928385;-0.9952604179;-0.7190598993;-0.7962617195
207.58318948;16.007552079;-1.0006835951;-0.7226380243;-0.7968880215
208.08319716;16.045664058;-1.0037773451;-0.7259270868;-0.7991367195
208.58320485;16.086419267;-1.0056263034;-0.728039066;-0.8011549486
209.08321253;16.126848954;-1.0082955742;-0.7299531285;-0.8033046882
209.58322022;16.163124996;-1.0114244805;-0.731617191;-0.805223959
210.0832279;16.198645829;-1.0150989596;-0.7333281285;-0.8074843757
210.58323558;16.239309892;-1.0186692721;-0.735023441;-0.8096367194
211.08324327;16.280182288;-1.0223867201;-0.7367630243;-0.8118750007
211.58325095;16.319713537;-1.0259570326;-0.7385130243;-0.8141497403
212.08325863;16.353124996;-1.0286523451;-0.7401875035;-0.8163932299
212.58326632;16.391588537;-1.0321080742;-0.7419375035;-0.8185729174
213.083274;16.431054683;-1.0346861992;-0.743539066;-0.8207500007
213.58328169;16.466510412;-1.0378450534;-0.7451718785;-0.8229179694
214.08328937;16.500742183;-1.042463543;-0.7465026077;-0.8252903653
214.58329705;16.537044267;-1.047291668;-0.7474869827;-0.8276445319
215.08330474;16.564309892;-1.0545625013;-0.7457994827;-0.8315572924
215.58331242;16.598320308;-1.0582812513;-0.7469869827;-0.8342968757
216.08332011;16.633919267;-1.0632005221;-0.748039066;-0.8366979174
216.58332779;16.666328121;-1.067447918;-0.7492395868;-0.8388554694
217.08333547;16.704075517;-1.0715364596;-0.750789066;-0.8414505215
217.58334316;16.743580725;-1.0753098971;-0.7524088577;-0.8438723965
218.08335084;16.778138017;-1.0783502617;-0.7539479202;-0.8462656257
218.58335852;16.814466142;-1.0811627617;-0.7552343785;-0.8483554694
219.08336621;16.852161454;-1.0844583346;-0.7568020868;-0.8507018236
219.64337481;16.882968746;-1.0871966159;-0.7578020868;-0.8530312507
220.22338373;16.923450517;-1.0877031263;-0.7578020868;-0.8533776049
220.7033911;16.953606767;-1.0877226575;-0.762179691;-0.8533893236
221.08339694;16.990963537;-1.0974309909;-0.764210941;-0.8592513028
221.58340463;17.024309891;-1.099963543;-0.7660755243;-0.8612005215
222.08341231;17.058749996;-1.1029726575;-0.7678177118;-0.862739584
222.58342;17.0866276;-1.1046223971;-0.769335941;-0.8632773444
223.08342768;17.126809891;-1.1066263034;-0.7710260452;-0.8648359382
223.58343536;17.160325516;-1.109651043;-0.7726562535;-0.8666679694
224.08344305;17.19709635;-1.113197918;-0.7741666702;-0.8680846361
224.58345073;17.228242183;-1.1167018242;-0.7757526077;-0.8698085944
225.08345842;17.265390621;-1.1204843763;-0.7773098993;-0.8715690111
225.5834661;17.29272135;-1.1268945325;-0.7779218785;-0.8740859382
226.08347378;17.321927079;-1.1320091159;-0.7789791701;-0.8770156257
226.58348147;17.359700516;-1.1363359388;-0.7804583368;-0.8799778653
227.08348915;17.393684891;-1.1415481784;-0.7820442743;-0.8836132819
227.58349683;17.427708329;-1.1467018242;-0.7840104202;-0.8878567715
228.08350452;17.469388016;-1.1505963554;-0.7861250035;-0.8914973965
228.5835122;17.507239579;-1.1538893242;-0.7876380243;-0.8941315111
229.08351989;17.551536454;-1.1569596367;-0.7897239618;-0.8978815111
229.58352757;17.592083329;-1.1608828138;-0.7918776077;-0.9012539069
230.08353525;17.6353776;-1.1649322929;-0.794226566;-0.9044361986
230.58354294;17.677239579;-1.1686132825;-0.7966901077;-0.9074791673
231.08355062;17.719153641;-1.1722552096;-0.799195316;-0.9106718757
231.58355831;17.764192704;-1.17485547;-0.8018229202;-0.913770834
232.08356599;17.803437495;-1.1776380221;-0.8056432327;-0.9169166673
232.58357367;17.849309891;-1.1809726575;-0.8089192743;-0.920239584
233.08358136;17.893059891;-1.18351172;-0.8117526077;-0.9233216153
233.58358904;17.936106766;-1.1860937513;-0.8145885452;-0.9263528653
234.08359673;17.97772135;-1.1897565117;-0.8174348993;-0.9296601569
234.58360441;18.02022135;-1.1930768242;-0.8202317743;-0.9328307298
235.08361209;18.06257812;-1.1964218763;-0.8230598993;-0.9360872402
235.58361978;18.105937495;-1.1994765638;-0.8258541701;-0.9393945319
236.08362746;18.1466276;-1.2019791679;-0.8286588576;-0.9425182298
236.58363514;18.191445308;-1.2032838554;-0.8313906285;-0.9457734382
237.08364283;18.234635412;-1.2063776054;-0.8341927118;-0.9490143236
237.58365051;18.277187495;-1.2100989596;-0.8369973993;-0.9523320319
238.0836582;18.316445308;-1.2135989596;-0.840007816;-0.9556171882
238.58366588;18.356523433;-1.2172005221;-0.8429166701;-0.9587682298
239.08367356;18.397447912;-1.2207825533;-0.8458411493;-0.9619244798
239.58368125;18.439244787;-1.2237473971;-0.8487005243;-0.9648242194
240.08368893;18.483802079;-1.2272890638;-0.8516093785;-0.967942709
240.58369662;18.524999995;-1.230902345;-0.8544557326;-0.9708997402
241.0837043;18.567760412;-1.2332096367;-0.8574192743;-0.9738059902
241.58371198;18.610325516;-1.2363476575;-0.8604635451;-0.9766744798
242.08371967;18.650481766;-1.2400911471;-0.8633802118;-0.9795273444
242.58372735;18.691966141;-1.2437434908;-0.8663802118;-0.9825078132
243.08373503;18.735039058;-1.2468385429;-0.8693177118;-0.9854218757
243.58374272;18.774335933;-1.2493619804;-0.8721692743;-0.9882968757
244.0837504;18.820507808;-1.2517252617;-0.8751302118;-0.9913515632
244.58375809;18.856419266;-1.2537226575;-0.877914066;-0.9942799486
245.08376577;18.900039058;-1.2576692721;-0.8807239618;-0.9972539069
245.58377345;18.944270828;-1.261527345;-0.8835885451;-1.0001588549
246.08378114;18.983424474;-1.2651510429;-0.8864062535;-1.0031822924
246.58378882;19.020455724;-1.2686393242;-0.8894583368;-1.0062356778
247.08379651;19.057252599;-1.2720533867;-0.8923697951;-1.0094856778
247.58380419;19.097552078;-1.2751497408;-0.8953072951;-1.0129023444
248.08381187;19.135416662;-1.2791953137;-0.898601566;-1.0169153653
248.58381956;19.17148437;-1.2819622408;-0.9021536493;-1.0210312507
249.08382724;19.214505203;-1.2844596367;-0.9057447951;-1.0249440111
249.58383493;19.251276037;-1.2881393242;-0.9089505243;-1.0283567715
250.08384261;19.294960933;-1.2921328137;-0.911992191;-1.0315221361
250.58385029;19.336458328;-1.2958854179;-0.9150312535;-1.0348320319
251.08385798;19.378164058;-1.2979817721;-0.9179479201;-1.038052084
251.58386566;19.41945312;-1.300246095;-0.920851566;-1.0412825528
252.08387334;19.462434891;-1.3021875012;-0.9236875035;-1.0442968757
252.58388103;19.504374995;-1.3058372408;-0.9264947951;-1.0473085944
253.08388871;19.544726558;-1.3095820325;-0.9293593785;-1.0502890632
253.5838964;19.586093745;-1.3131497408;-0.9321484409;-1.0533437507
254.08390408;19.632877599;-1.3168580741;-0.9349973993;-1.0564596361
254.58391176;19.669361974;-1.3205221367;-0.9376718784;-1.0593359382
255.08391945;19.708815099;-1.3233763033;-0.9404322951;-1.0624908861
255.58392713;19.754322912;-1.3273190116;-0.9431901076;-1.0653919278
256.08393482;19.793867182;-1.3305546887;-0.9458072951;-1.0684088548
256.5839425;19.836992182;-1.3331041679;-0.9485182326;-1.0714010423
257.08395018;19.876848953;-1.3363945325;-0.9511223993;-1.0742109382
257.58395787;19.914947912;-1.3403828137;-0.9536484409;-1.0772851569
258.08396555;19.956822912;-1.344277345;-0.9562447951;-1.0802278653
258.58397323;19.996992182;-1.3468567721;-0.9588255243;-1.0831041673
259.08398092;20.038190099;-1.3491718762;-0.9614739618;-1.0861236986
259.5839886;20.077630203;-1.3515937512;-0.9640130243;-1.0890494798
260.08399629;20.116874995;-1.3550950533;-0.9665520868;-1.091927084
260.58400397;20.156666662;-1.3589609387;-0.9690312534;-1.0948697923
261.08401165;20.197851557;-1.3627343762;-0.9715598993;-1.0979010423
261.58401934;20.23664062;-1.3676302096;-0.9740312534;-1.1008815111
262.08402702;20.270247391;-1.3714726575;-0.9766458368;-1.1040625007
262.58403471;20.308124995;-1.3751302096;-0.9792786493;-1.1072500007
263.08404239;20.347278641;-1.3788437512;-0.9818281284;-1.1103203132
263.58405007;20.385820307;-1.3817552095;-0.9844453159;-1.1134205736
264.08405776;20.429856766;-1.3846770845;-0.9871067743;-1.1164218757
264.58406544;20.469882807;-1.3884205741;-0.9897187534;-1.1191367194
265.08407313;20.511510411;-1.3924283866;-0.9922421909;-1.1223867194
265.58408081;20.551718745;-1.3953020845;-0.9947760451;-1.1256328132
266.08408849;20.577565099;-1.3969544283;-1.009679691;-1.125770834
266.58409618;20.617591141;-1.3988007825;-1.0172343785;-1.1283385423
267.08410386;20.659309891;-1.4008307304;-1.0244088576;-1.1313385423
267.58411154;20.701861974;-1.403558595;-1.0305026076;-1.134583334
268.08411923;20.74039062;-1.4071497408;-1.0349531285;-1.1377018236
268.58412691;20.780208328;-1.4106875012;-1.0386458368;-1.1406861986
269.0841346;20.822499995;-1.4142877616;-1.0420494826;-1.1437513027
269.58414228;20.859440099;-1.4179752616;-1.0451979201;-1.1466835944
270.08414996;20.903945307;-1.4210950533;-1.0483177118;-1.1497174486
270.58415765;20.940169265;-1.4244440116;-1.0513307326;-1.1526861986
271.08416533;20.98023437;-1.4277552095;-1.0543854201;-1.1558203132
271.58417302;21.022083328;-1.4307981783;-1.0575026076;-1.1587226569
272.0841807;21.062656245;-1.4337812512;-1.0604869826;-1.1616484382
272.58418838;21.098554682;-1.4379270845;-1.0635651076;-1.163614584
273.08419607;21.127955724;-1.4417994804;-1.0662656285;-1.165442709
273.58420375;21.167877599;-1.4445052095;-1.0689687535;-1.167880209
274.08421144;21.208632807;-1.4464453137;-1.071867191;-1.1707929694
274.58421912;21.246236974;-1.4484296887;-1.0747187535;-1.1737343757
275.0842268;21.288437495;-1.4511236991;-1.0776406285;-1.1767786465
275.58423449;21.28804687;-1.458997397;-1.0868750035;-1.1864153652
276.08424217;21.182291661;-1.4804583345;-1.1094557326;-1.2098098965
276.58424985;21.250273432;-1.4846575533;-1.1129557326;-1.2135416673
277.08425754;21.313619786;-1.488341147;-1.1158307326;-1.2167460944
277.58426522;21.365651036;-1.4913632824;-1.118617191;-1.219786459
278.08427291;21.40367187;-1.4878710949;-1.1319765659;-1.2274023444
278.58428059;21.455429682;-1.4906315116;-1.1346302118;-1.2301835944
279.08428827;21.503124995;-1.4930898449;-1.1371796909;-1.2329036465
279.58429596;21.548776036;-1.4951744804;-1.1395625034;-1.2355611986
280.08430364;21.593463536;-1.4968736991;-1.1421119826;-1.2382500006
280.58431133;21.63305989;-1.4989023449;-1.1453489618;-1.2405351569
281.08431901;21.67134114;-1.5018867199;-1.1484687534;-1.2429817715
281.58432669;21.70852864;-1.5052382824;-1.1514947951;-1.2456263027
282.08433438;21.747083328;-1.5085716158;-1.1542604201;-1.2481744798
282.58434206;21.786692703;-1.5122057304;-1.1570182326;-1.2510755215
283.08434974;21.826106765;-1.5156106783;-1.1597734409;-1.2542981777
283.58435743;21.849179682;-1.5179765637;-1.1684531284;-1.2676692715
284.08436511;21.882460932;-1.5228072929;-1.1709921909;-1.2731236985
284.5843728;21.921445307;-1.5260195324;-1.1734765659;-1.2766705735
285.08438048;21.963645828;-1.5294518241;-1.1759973993;-1.2797916673
285.58438816;22.004114578;-1.5325703137;-1.1784427118;-1.2826093756
286.08439585;22.045859369;-1.5363164074;-1.1808333368;-1.2855546881
286.58440353;22.084895828;-1.5397070324;-1.1832031284;-1.288442709
287.08441122;22.120924473;-1.5428932303;-1.1854322951;-1.2912994798
287.5844189;22.157695307;-1.5449244803;-1.1876380243;-1.2941015631
288.08442658;22.196367182;-1.5470846366;-1.1897421909;-1.296819011
288.58443427;22.237096348;-1.5500481783;-1.1919453159;-1.2996093756
289.08444195;22.267526036;-1.5518359387;-1.1974244826;-1.3026510423
289.58444964;22.305455723;-1.5552578137;-1.1998203159;-1.3053919277
290.08445732;22.345677078;-1.5589557303;-1.2021953159;-1.3082005214
290.584465;22.383958328;-1.5625559908;-1.2044921909;-1.310897136
291.08447269;22.419648432;-1.5663294283;-1.2067291701;-1.3136562506
291.58448037;22.458645828;-1.5693580741;-1.2090026076;-1.3164544277
292.08448805;22.497643223;-1.5725351574;-1.2112630243;-1.3191861985
292.58449574;22.538033848;-1.5751757824;-1.2136458368;-1.3219101569
293.08450342;22.575273432;-1.578403647;-1.2160572951;-1.3247070319
293.58451111;22.614687494;-1.5813463553;-1.2185468784;-1.3275559902
294.08451879;22.654570307;-1.5848385428;-1.2210963576;-1.3303632819
294.58452647;22.687708328;-1.5882148449;-1.2235312534;-1.333131511
295.08453416;22.729335932;-1.5917356782;-1.2258593784;-1.3365781256
295.58454184;22.764999994;-1.5944414074;-1.2280651076;-1.3403867194
296.08454953;22.800898432;-1.5976666678;-1.2302265659;-1.3443593756
296.58455721;22.840885411;-1.6018828137;-1.2326927118;-1.3477916673
297.08456489;22.881744786;-1.6057239595;-1.2352239617;-1.3510351569
297.58457258;22.922369786;-1.6094947928;-1.2378177117;-1.3543072923
298.08458026;22.958945307;-1.6134596366;-1.2404166701;-1.3574804694
298.58458795;22.99384114;-1.6173033866;-1.2430364617;-1.3605898444
299.08459563;23.033138015;-1.6204114595;-1.2456171909;-1.3635872402
299.58460331;23.07352864;-1.6236432303;-1.2482291701;-1.366490886
300.084611;23.114049473;-1.6270781262;-1.2511692742;-1.3692604173
300.58461868;23.147317702;-1.6298294282;-1.2540859409;-1.3719101568
301.08462636;23.184062494;-1.6337747407;-1.2569791701;-1.3746289068
301.58463405;23.223580723;-1.6373138032;-1.2600755242;-1.377272136
302.08464173;23.254218744;-1.6400403657;-1.2651250034;-1.3793476568
302.58464942;23.294036452;-1.6426966157;-1.2695781284;-1.381647136
303.0846571;23.329114577;-1.6442226574;-1.2748932326;-1.3840286464
303.58466478;23.363893223;-1.6482174491;-1.2775182326;-1.3870013027
304.08467247;23.404062494;-1.6530807303;-1.2799479201;-1.3902903652
304.58468015;23.444648432;-1.6576432303;-1.2823906284;-1.3936562506
305.08468784;23.483828119;-1.6620455741;-1.2848359409;-1.3969804693
305.58469552;23.518945306;-1.6661184907;-1.2872369826;-1.4000442714
306.0847032;23.555260411;-1.6693958345;-1.2896640659;-1.4027656256
306.58471089;23.595924473;-1.6730039074;-1.2920546909;-1.4055403652
307.08471857;23.634856765;-1.6763450532;-1.2943593784;-1.4082356777
307.58472625;23.672109369;-1.6794609386;-1.2967916701;-1.4112174485
308.08473394;23.705520827;-1.6833893241;-1.2992005242;-1.4141406256
308.58474162;23.745455723;-1.6867604178;-1.3016718784;-1.4172513027
309.08474931;23.785221348;-1.6899479178;-1.3040416701;-1.4202460943
309.58475699;23.821367181;-1.6919309907;-1.3064140659;-1.4232682298
310.08476467;23.862773431;-1.6942929699;-1.3087942742;-1.4263763027
310.58477236;23.896484369;-1.6972695324;-1.3110781284;-1.4292617193
311.08478004;23.937083327;-1.701106772;-1.3134557326;-1.4320937506
311.58478773;23.977812494;-1.7048619803;-1.3158854201;-1.4349934902
312.08479541;24.016158848;-1.7086861991;-1.3183437534;-1.4381236985
312.58480309;24.05337239;-1.7126796886;-1.3210911492;-1.4417083339
313.08481078;24.086002598;-1.7166979178;-1.3238463576;-1.4456302089
313.58481846;24.12602864;-1.7200377615;-1.3264427117;-1.4493216152
314.08482615;24.162929681;-1.7230325532;-1.3289635451;-1.4527981777
314.58483383;24.196874994;-1.7265182303;-1.3315677117;-1.4564309902
315.08484151;24.236848952;-1.7299908865;-1.3342057326;-1.4600403652
315.5848492;24.270234369;-1.7338320324;-1.3367291701;-1.4634257818
316.08485688;24.305690098;-1.7379101574;-1.3392838576;-1.468069011
316.58486456;24.339817702;-1.7407877615;-1.3425364617;-1.4722994797
317.08487225;24.375846348;-1.7427135428;-1.3453463576;-1.4756848964
317.58487993;24.414401035;-1.7453958345;-1.3480156284;-1.478912761
318.08488762;24.453580723;-1.7489960949;-1.3506250034;-1.4818098964
318.5848953;24.49276041;-1.7527044282;-1.3531744826;-1.4847304693
319.08490298;24.524765619;-1.7562825532;-1.3556666701;-1.4876380214
319.58491067;24.566536452;-1.759934897;-1.3581875034;-1.490553386
320.08491835;24.605677077;-1.763497397;-1.360651045;-1.4934544277
320.58492604;24.640703119;-1.7661432303;-1.3630026076;-1.4961236985
321.08493372;24.676263015;-1.7696562511;-1.3654296909;-1.4990000006
321.5849414;24.713255202;-1.7723320324;-1.3679062534;-1.5016445318
322.08494909;24.75229166;-1.7755208345;-1.3704192742;-1.5042838547
322.58495677;24.78604166;-1.7783776053;-1.3728984409;-1.5071106776
323.08496446;24.821796869;-1.7821067719;-1.3752161492;-1.509834636
323.58497214;24.86182291;-1.7852890636;-1.3776380242;-1.5126861985
324.08497982;24.893776035;-1.7883567719;-1.3798984409;-1.5154375006
324.58498751;24.930273431;-1.7902526053;-1.3821562534;-1.5182135422
325.08499519;24.969427077;-1.7927916678;-1.3844869825;-1.5209726568
325.58500287;25.003203119;-1.7955364594;-1.3867187534;-1.5237187506
326.08501056;25.041588535;-1.799233074;-1.3890625034;-1.5264570318
326.58501824;25.081093744;-1.8027057303;-1.3913020867;-1.5290182297
327.08502593;25.115494785;-1.8063333344;-1.3934895867;-1.5315299485
327.58503361;25.154127598;-1.8100169282;-1.3957500034;-1.5342161464
328.08504129;25.192617181;-1.8137135428;-1.3978125034;-1.5369674485
328.58504898;25.223815098;-1.8165312511;-1.3999583367;-1.5398294276
329.08505666;25.263124994;-1.8199765636;-1.4021067742;-1.542709636
329.58506435;25.297161452;-1.8226523449;-1.4042708367;-1.545709636
330.08507203;25.333203119;-1.8252122407;-1.4064817742;-1.5488476568
330.58507971;25.369453119;-1.8286744803;-1.4085963575;-1.5517356776
331.0850874;25.403880202;-1.8325130219;-1.4107369825;-1.5548229172
331.58509508;25.441588535;-1.8351328136;-1.4128125034;-1.5576757818
332.08510276;25.47572916;-1.8381276053;-1.41494792;-1.5606210943
332.58511045;25.512539056;-1.8399062511;-1.4169375034;-1.5635598964
333.08511813;25.551718743;-1.8422669282;-1.4189713575;-1.5665455735
333.58512582;25.588294264;-1.8456315115;-1.4210234409;-1.5695156255
334.0851335;25.621549473;-1.8492916678;-1.4228984409;-1.5723255214
334.58514118;25.658124993;-1.8528177094;-1.4248880242;-1.5751914068
335.08514887;25.691145827;-1.8562291678;-1.4269973992;-1.578164063
335.58515655;25.728671868;-1.8598593761;-1.4288020867;-1.5810091151
336.08516424;25.762161452;-1.8636640636;-1.4308750034;-1.5840026047
336.58517192;25.800325514;-1.8663854178;-1.4328098992;-1.5869479172
337.0851796;25.831809889;-1.8697421886;-1.4347031284;-1.5899348964
337.58518729;25.867096348;-1.8725182303;-1.4365859409;-1.5928372401
338.08519497;25.901419264;-1.8749348969;-1.4384401075;-1.5957278651
338.58520266;25.937578118;-1.8783828136;-1.4403828159;-1.5988020839
339.08521034;25.975013014;-1.8821835948;-1.4421953159;-1.6017447922
339.58521802;26.006445306;-1.8847148448;-1.4439739617;-1.6047916672
340.08522571;26.044973952;-1.8876341157;-1.4457864617;-1.6076731776
340.58523339;26.074088535;-1.8893867198;-1.4472187534;-1.6105898443
341.08524107;26.110937493;-1.8916640636;-1.4491145867;-1.6135781255
341.58524876;26.141445306;-1.8949583344;-1.4511276075;-1.6163789068
342.08525644;26.174856764;-1.8983606782;-1.45291667;-1.6193151047
342.58526413;26.209401035;-1.9017773448;-1.4547473992;-1.6221536464
343.08527181;26.240546868;-1.9054973969;-1.4564817742;-1.6249986985
343.58527949;26.275963535;-1.9092252615;-1.4582864617;-1.6277630214
344.08528718;26.309414056;-1.912717449;-1.4599661492;-1.6305794276
344.58529486;26.348815097;-1.915639324;-1.46163542;-1.6332526047
345.08530255;26.379739577;-1.9191992198;-1.4632265659;-1.6359127609
345.58531023;26.413346347;-1.9219765636;-1.464682295;-1.6385299484
346.08531791;26.446406243;-1.924748699;-1.4662187534;-1.6413958339
346.5853256;26.474648431;-1.9285208344;-1.4676250034;-1.6441302089
347.08533328;26.513971347;-1.9322890636;-1.4691692742;-1.6469179693
347.58534097;26.541757806;-1.9348098969;-1.4706302117;-1.6496653651
348.08534865;26.571640618;-1.9376302094;-1.4718958367;-1.6522955734
348.58535633;26.609179681;-1.9393242198;-1.4731692742;-1.6549557297
349.08536402;26.636953118;-1.9421484386;-1.4742552117;-1.6573489589
349.5853717;26.665585931;-1.9461497407;-1.4752265659;-1.6600781255
350.08537938;26.695039056;-1.9500572927;-1.4760520867;-1.6626276047
350.58538707;26.719622389;-1.953686199;-1.4766432325;-1.664867188
351.08539475;26.746848952;-1.957936199;-1.4768359409;-1.6667083339
351.58540244;26.768619785;-1.9622890636;-1.476151045;-1.6684244797
352.08541012;26.749427077;-1.9670195323;-1.4708932325;-1.6687161464

