0.6000092188;0.7835286456;4.426961095E-05;1.041321957E-05;1.136717422E-03
1.1000169013;0.7835286456;5.598836287E-05;8.853821782E-05;1.184894506E-03
1.5800242764;0.7835026039;3.385294985E-05;8.593405073E-05;1.175779929E-03
2.0800319588;0.7837109373;4.55716945E-05;7.812154945E-05;1.214842428E-03
2.5800396413;0.7834765623;1.692586374E-05;7.030904816E-05;1.162759093E-03
3.0800473237;0.7835156248;5.078002868E-05;6.510071398E-05;1.171873678E-03
3.5800550061;0.7835156248;6.119669706E-05;6.770488107E-05;1.182290339E-03
4.0800626885;0.7835416664;4.55716945E-05;6.510071398E-05;1.209634094E-03
4.5800703709;0.7834635414;3.51550334E-05;8.072571654E-05;1.207029927E-03
5.0800780534;0.7835026039;4.426961095E-05;5.72882127E-05;1.145832007E-03
5.5800857358;0.7835286456;6.119669706E-05;7.551738235E-05;1.199217425E-03
6.0800934182;0.7835807289;5.468627932E-05;8.332988363E-05;1.253904927E-03
6.5801011006;0.7835677081;7.942586671E-05;5.72882127E-05;1.212238261E-03
7.080108783;0.7836067706;4.036336031E-05;2.603820757E-05;1.23307159E-03
7.5801164655;0.7835937498;3.124878276E-05;3.385070886E-05;1.164061177E-03
8.0801241479;0.7835937498;-6.511632818E-06;8.593405073E-05;1.194009091E-03
8.5801318303;0.7835807289;2.604044857E-05;3.645487595E-05;1.23307159E-03
9.0801395127;0.7835546873;2.864461566E-05;9.374655201E-05;1.268227839E-03
9.5801471952;0.7835546873;5.598836287E-05;7.812154945E-05;1.141925757E-03
10.080154878;0.7836848956;4.687377804E-05;9.114238491E-05;1.108071592E-03
10.58016256;0.7835937498;7.031128188E-05;8.332988363E-05;1.122394511E-03
11.080170242;0.7835807289;7.682169962E-05;8.332988363E-05;1.089842422E-03
11.580177925;0.8608463539;-1.97917885E-04;-1.042011717E-05;1.085936179E-03
12.080185607;0.937395833;-4.908866394E-04;-2.916701196E-04;1.085936179E-03
12.58019329;1.0111588539;-7.786470523E-04;-5.833367904E-04;9.98696596E-04
13.080200972;1.0825390622;-1.019532472E-03;-8.489617903E-04;1.05338409E-03
13.580208655;1.1532682289;-1.25520955E-03;-1.16406595E-03;9.140611728E-04
14.080216337;1.2316276039;-1.716147053E-03;-1.562503457E-03;7.877590906E-04
14.580224019;1.3004036455;-1.953126222E-03;-1.906253455E-03;6.627590919E-04
15.080231702;1.3756249996;-2.053386633E-03;-2.25260762E-03;6.093736738E-04
15.580239384;1.4492187496;-2.295574137E-03;-2.580732616E-03;6.341132611E-04
16.080247067;1.5200130204;-2.576824132E-03;-2.895836791E-03;4.166653452E-04
16.580254749;1.5885156246;-2.807292883E-03;-3.242190956E-03;3.424465903E-04
17.080262431;1.6545572912;-3.053386637E-03;-3.518232624E-03;2.447903461E-04
17.580270114;1.7196874996;-3.321615804E-03;-3.903649281E-03;1.28904925E-04
18.080277796;1.7910807287;-3.529949135E-03;-4.208336788E-03;1.06769512E-04
18.580285479;1.852773437;-3.792969968E-03;-4.578128457E-03;-5.208465881E-05
19.080293161;1.9210937495;-4.041667882E-03;-4.820315953E-03;-1.940117435E-04
19.580300844;1.984492187;-4.276042884E-03;-5.174482619E-03;-3.710950768E-04
20.080308526;2.0492057286;-4.47265747E-03;-5.468753457E-03;-4.283867383E-04
20.580316208;2.1128385411;-4.718751217E-03;-5.828128458E-03;-6.132825728E-04
21.080323891;2.1774869786;-4.930990799E-03;-6.130211782E-03;-7.408867386E-04
21.580331573;2.2432942703;-5.196615798E-03;-6.481774282E-03;-9.153659048E-04
22.080339256;2.3085677077;-5.408855387E-03;-6.760420117E-03;-1.014324239E-03
22.580346938;2.3745052077;-5.608074134E-03;-7.101565948E-03;-1.147136739E-03
23.080354621;2.4402213535;-5.820313716E-03;-7.421878457E-03;-1.313803404E-03
23.580362303;2.5023567702;-6.080730381E-03;-7.763024288E-03;-1.41666799E-03
24.080369985;2.569322916;-6.330730386E-03;-8.125003456E-03;-1.614584653E-03
24.580377668;2.6299348952;-6.513022053E-03;-8.458336786E-03;-1.824220074E-03
25.08038535;2.698932291;-6.756511633E-03;-8.734378454E-03;-1.833334659E-03
25.580393033;2.7616145826;-6.921876214E-03;-9.070315951E-03;-1.97265757E-03
26.080400715;2.8254947909;-7.147136631E-03;-9.427086784E-03;-2.088542991E-03
26.580408397;2.8904687493;-7.377605383E-03;-9.791670119E-03;-2.154949237E-03
27.08041608;2.9571223951;-7.537761637E-03;-0.0101093784;-2.273438825E-03
27.580423762;3.0163411451;-7.774740799E-03;-0.0104348992;-2.524740906E-03
28.080431445;3.0831119784;-7.971355386E-03;-0.0107942742;-2.692709655E-03
28.580439127;3.14720052;-8.248699137E-03;-0.0111536492;-2.808595076E-03
29.08044681;3.2114843742;-8.415365802E-03;-0.0114739617;-2.966147156E-03
29.580454492;3.2748437492;-8.635417885E-03;-0.0117994826;-3.089845071E-03
30.080462174;3.3401953116;-8.832032464E-03;-0.0122031284;-3.143230489E-03
30.580469857;3.3979557283;-9.001303304E-03;-0.0126041701;-3.167970069E-03
31.080477539;3.4639322908;-9.205730384E-03;-0.0129244826;-3.173178403E-03
31.580485222;3.5259244783;-9.430990801E-03;-0.0132812534;-3.255209652E-03
32.080492904;3.5882552074;-9.579428297E-03;-0.0136510451;-3.199220074E-03
32.580500587;3.6464322907;-9.701824135E-03;-0.0140156284;-3.209636735E-03
33.080508269;3.7073437491;-9.861980383E-03;-0.0144088576;-3.265626321E-03
33.580515951;3.7651432282;-0.0100104178;-0.0148463576;-3.220053404E-03
34.080523634;3.8246614574;-0.0100989595;-0.0152838576;-3.257813819E-03
34.580531316;3.8804947907;-0.0102864595;-0.0156380242;-3.204428408E-03
35.080538999;3.9367708323;-0.0104114595;-0.0160572951;-3.119792992E-03
35.580546681;3.9914973948;-0.0105924491;-0.0165026076;-3.058595073E-03
36.080554364;4.0463541656;-0.0105182303;-0.0169661492;-2.848959658E-03
36.580562046;4.1007942698;-0.0105859387;-0.0174114617;-2.82031382E-03
37.080569728;4.1532682281;-0.0106627616;-0.0178307326;-2.643230487E-03
37.580577411;4.2008593739;-0.0107343762;-0.0182161492;-2.513022154E-03
38.080585093;4.2511979156;-0.0107486991;-0.0186223992;-2.255209656E-03
38.580592776;4.3001562489;-0.0108046887;-0.0190859409;-2.063803403E-03
39.080600458;4.3464843739;-0.0108072928;-0.0195572951;-1.838542986E-03
39.58060814;4.3909374989;-0.0108515637;-0.0199609409;-1.683595073E-03
40.080615823;4.441861978;-0.010903647;-0.0204166701;-1.489584654E-03
40.580623505;4.4844140614;-0.010919272;-0.0208541701;-1.337240908E-03
41.080631188;4.535611978;-0.0109570324;-0.0212578159;-1.250001325E-03
41.58063887;4.5791666655;-0.0109726574;-0.0217005242;-1.082032577E-03
42.080646553;4.6207031238;-0.0109921887;-0.0220963576;-8.033867416E-04
42.580654235;4.6660937488;-0.0110104178;-0.0225937534;-4.791679894E-04
43.080661917;4.7107812488;-0.010981772;-0.0230625034;-3.932304898E-04
43.5806696;4.7555859363;-0.0109752616;-0.0235364617;-9.895965922E-05
44.080677282;4.7970052071;-0.0110078137;-0.0239869826;9.374867659E-05
44.580684965;4.8384505196;-0.0110143241;-0.0243359409;1.419257605E-04
45.080692647;4.8825781238;-0.0110390637;-0.0247187534;3.411445068E-04
45.58070033;4.9237369779;-0.0110859387;-0.0252109409;6.145820079E-04
46.080708012;4.9711067696;-0.0111041678;-0.0257213576;8.476549264E-04
46.580715694;5.0138802071;-0.0111054699;-0.0261822951;1.101561174E-03
47.080723377;5.0553255195;-0.0111315116;-0.0266197951;1.611977844E-03
47.580731059;5.0982031237;-0.0111367199;-0.0270833367;1.906248675E-03
48.080738742;5.1400651029;-0.0109557303;-0.0281119826;2.600259089E-03
48.580746424;5.180598957;-0.0106315116;-0.0294661492;3.454425757E-03
49.080754106;5.2210286445;-0.0105924491;-0.0300598992;3.802082006E-03
49.580761789;5.264973957;-0.0106002616;-0.0305442742;4.102863262E-03
50.080769471;5.307005207;-0.0105989595;-0.0310156284;4.395832009E-03
50.580777154;5.3482421861;-0.0106106783;-0.0314348992;4.664061176E-03
51.080784836;5.3898697903;-0.0105976574;-0.0318984409;4.986977845E-03
51.580792519;5.4304817694;-0.0106236991;-0.0323906284;5.260415338E-03
52.080800201;5.4720703111;-0.0106250012;-0.0328802117;5.609373678E-03
52.580807883;5.5125911444;-0.0106406262;-0.0333046909;5.843748673E-03
53.080815566;5.5543880194;-0.0107213553;-0.0337604201;6.636717422E-03
53.580823248;5.5943359361;-0.0107656262;-0.0342291701;7.255207005E-03
54.080830931;5.6349088527;-0.0107760428;-0.0346848992;7.695311171E-03
54.580838613;5.6682031236;-0.0107851574;-0.0351380242;7.964842421E-03
55.080846296;5.7036588527;-0.0108085949;-0.0355625034;8.292967424E-03
55.580853978;5.7229427069;-0.0107799491;-0.0359270867;8.544269505E-03
56.08086166;5.732695311;-0.0107434908;-0.0362005242;8.816404923E-03
56.580869343;5.7138281235;-0.0106549491;-0.0363671909;8.90885284E-03
57.080877025;5.6436718736;-0.0103710949;-0.0363750034;9.055988259E-03
57.580884708;5.5857291652;-0.010028647;-0.0363828159;9.042967423E-03
58.08089239;5.5527864569;-9.8684908E-03;-0.0363723992;9.037759089E-03
58.580900072;5.5273046861;-9.720053298E-03;-0.0363619826;9.079425755E-03
59.080907755;5.4995312486;-9.589844965E-03;-0.0363828159;9.036457006E-03
59.580915437;5.4851562486;-9.502605382E-03;-0.0363958367;9.035154922E-03
60.08092312;5.4760937486;-9.429688718E-03;-0.0364140659;9.033852838E-03
60.580930802;5.4721093736;-9.317709547E-03;-0.0364010451;9.031248671E-03
61.080938485;5.4720572903;-9.234376215E-03;-0.0364661492;9.04557159E-03
61.580946167;5.4724869778;-9.18229288E-03;-0.0365729201;8.976561177E-03
62.080953849;5.4848437486;-9.100261631E-03;-0.0367109409;8.953123673E-03
62.580961532;5.4989062486;-9.044272053E-03;-0.0368854201;8.906248673E-03
63.080969214;5.5065885403;-8.976563716E-03;-0.0370156284;8.976561177E-03
63.580976897;5.5170963528;-8.908855386E-03;-0.0372031284;8.79817576E-03
64.080984579;5.5334374986;-8.86328247E-03;-0.0374062534;8.723957005E-03
64.58099226;5.5428124986;-8.791667882E-03;-0.0376093784;8.626300754E-03
65.101000248;5.5680468736;-8.739584547E-03;-0.0378437534;8.550779923E-03
65.601007929;5.5822005194;-8.704428299E-03;-0.0380859409;8.425779924E-03
66.10101561;5.6088151027;-8.598959553E-03;-0.0383802117;8.303384092E-03
66.601023291;5.6247916652;-8.571615799E-03;-0.0386380242;8.174477843E-03
67.101030972;5.6500651027;-8.496094968E-03;-0.0389375034;8.053384088E-03
67.601038653;5.6757812486;-8.485678299E-03;-0.0392057326;7.928384089E-03
68.101046334;5.6932031235;-8.437501215E-03;-0.0395130242;7.729165343E-03
68.601054015;5.7186718735;-8.393230382E-03;-0.0398229201;7.677082008E-03
69.101061696;5.7467968735;-8.345053298E-03;-0.0401510451;7.570311172E-03
69.601069377;5.774648436;-8.302084548E-03;-0.0404791701;7.399738256E-03
70.101077058;5.801914061;-8.24609497E-03;-0.0408307326;7.230467425E-03
70.601084739;5.8298958318;-8.186199134E-03;-0.0412265659;7.08854034E-03
71.10109242;5.8572656235;-8.143230385E-03;-0.0415781284;7.019529926E-03
71.601100101;5.886992186;-8.016928302E-03;-0.0420937534;6.921873675E-03
72.101107781;5.9163151027;-7.923178302E-03;-0.0425468784;6.824217423E-03
72.601115462;5.9494791651;-7.839844969E-03;-0.0430390659;6.703123675E-03
73.101123143;5.9782291651;-7.747397052E-03;-0.0434739617;6.483071592E-03
73.601130824;6.0064973943;-7.705730386E-03;-0.0439192742;6.44661326E-03
74.101138505;6.0346223943;-7.593751215E-03;-0.0443489617;6.351561176E-03
74.601146186;6.0633203109;-7.526042885E-03;-0.0448333367;6.272134094E-03
75.101153867;6.0999999984;-7.429688717E-03;-0.0452578159;6.197915339E-03
75.601161548;6.1267447901;-7.373699132E-03;-0.0457005242;6.186196595E-03
76.101169229;6.1552604151;-7.350261636E-03;-0.0461380242;6.20182159E-03
76.60117691;6.1836067692;-7.302084552E-03;-0.0466562534;6.194009089E-03
77.101184591;6.2122135401;-7.183594971E-03;-0.0471250034;6.184894511E-03
77.601192272;6.2414062484;-7.175782469E-03;-0.0476119826;6.187498671E-03
78.101199953;6.2664843734;-7.135417887E-03;-0.0480364617;5.985675758E-03
78.601207634;6.2939322901;-7.191407465E-03;-0.0483984409;5.898436174E-03
79.101215315;6.321354165;-7.153647049E-03;-0.0487786492;5.804686174E-03
79.601222996;6.3497005192;-7.147136631E-03;-0.0491536492;5.789061171E-03
80.101230677;6.3837890609;-7.153647049E-03;-0.0495677117;5.77864451E-03
80.601238358;6.4130078109;-7.186199131E-03;-0.0500000034;5.779946594E-03
81.101246039;6.4432421859;-7.149740798E-03;-0.0504166701;5.753904923E-03
81.60125372;6.4697526025;-7.16145955E-03;-0.0508593784;5.73567576E-03
82.101261401;6.4980859358;-7.140626221E-03;-0.0512838576;5.753904923E-03
82.601269082;6.5289973942;-7.122397051E-03;-0.0517421909;5.764321591E-03
83.101276763;6.5601953108;-7.130209553E-03;-0.0521927117;5.839842422E-03
83.601284444;6.5921484358;-7.140626221E-03;-0.0526744826;5.860675759E-03
84.101292125;6.6208723941;-7.098959547E-03;-0.0531614617;5.648436177E-03
84.601299806;6.6492187483;-7.207032467E-03;-0.0535989617;5.772134092E-03
85.101307487;6.686041665;-7.255209551E-03;-0.0540598992;5.790363255E-03
85.601315168;6.7147526024;-7.26953247E-03;-0.0545546909;5.941404924E-03
86.101322849;6.7446354149;-7.250001217E-03;-0.0550807326;6.433592425E-03
86.60133053;6.7736067691;-7.227865804E-03;-0.0556822951;6.447915344E-03
87.10133821;6.8045442691;-7.192709548E-03;-0.0563177117;6.941404921E-03
87.601345891;6.8382942691;-7.13671997E-03;-0.0570052117;7.152342426E-03
88.101353572;6.8679687482;-7.032553301E-03;-0.0577682326;7.782550754E-03
88.601361253;6.9057812482;-6.817709552E-03;-0.0588541701;8.247394507E-03
89.101368934;6.9451302066;-6.71614705E-03;-0.0596302117;8.51041534E-03
89.601376615;6.9766015607;-6.707032465E-03;-0.0603619826;8.867186174E-03
90.101384296;7.0146354149;-6.703126215E-03;-0.0610312534;8.937498671E-03
90.601391977;7.0528645815;-6.679688718E-03;-0.0616484409;9.08463409E-03
91.101399658;7.0848437482;-6.587240801E-03;-0.0623255242;9.083332006E-03
91.601407339;7.122513019;-6.541667884E-03;-0.0629348992;9.220050757E-03
92.10141502;7.1538802065;-6.529949132E-03;-0.0635078159;9.294269504E-03
92.601422701;7.1838151023;-6.572917882E-03;-0.0640781284;9.479165339E-03
93.101430382;7.2131249982;-6.582032467E-03;-0.0646640659;9.562498671E-03
93.601438063;7.2436458315;-6.532553299E-03;-0.0652942742;9.348957006E-03
94.101445744;7.2658593731;-6.492188716E-03;-0.0658593784;9.454425759E-03
94.601453425;7.2910416648;-6.37890747E-03;-0.0665026076;9.424477837E-03
95.101461106;7.3054427065;-6.2278658E-03;-0.0671041701;9.404946591E-03
95.601468787;4.9501171862;-1.528647051E-03;-0.0511354201;0.021348957
96.101476468;5.0583854154;-1.652344966E-03;-0.0515416701;0.020740884
96.601484149;5.1677473945;-1.856772054E-03;-0.0521354201;0.020475259
97.10149183;5.2697656237;-2.024740802E-03;-0.0527239617;0.0201484361
97.601499511;5.3643749986;-2.205730386E-03;-0.0533619826;0.0197695299
98.101507192;5.3827604153;-2.33984497E-03;-0.0538932326;0.0195807278
98.601514873;5.5254687486;-2.459636634E-03;-0.0544661492;0.0194414049
99.101522554;5.6002473944;-2.592449134E-03;-0.0549895867;0.0189544257
99.601530235;5.6738932277;-2.708334555E-03;-0.0555442742;0.0186666653
100.10153792;5.7448177069;-2.821615802E-03;-0.0560859409;0.018162759
100.6015456;5.8111067693;-2.928386638E-03;-0.0565781284;0.0179648424
101.10155328;5.8785416652;-3.009115804E-03;-0.0570911492;0.0176822903
101.60156096;5.9379557276;-3.147136638E-03;-0.0575755242;0.0175247382
102.10156864;5.9998958318;-3.184897053E-03;-0.0580260451;0.0170963528
102.60157632;6.0593749985;-3.290365799E-03;-0.0585052117;0.016912759
103.101584;6.1151302068;-3.2513033E-03;-0.0589375034;0.0166549465
103.60159168;6.1707421859;-3.29427205E-03;-0.0594140659;0.016553384
104.10159936;6.2282942692;-3.355469969E-03;-0.0598437534;0.016223957
104.60160704;6.2794531234;-3.500001221E-03;-0.0602708367;0.0159856757
105.10161473;6.3281119775;-3.548178305E-03;-0.0606640659;0.015708332
105.60162241;6.3476302067;-3.514324133E-03;-0.0608932326;0.0157135403
106.10163009;5.8283333318;-2.287761635E-03;-0.0578619826;0.0170638007
106.60163777;5.9172526027;-2.703126221E-03;-0.0581041701;0.0165937486
107.10164545;6.010820311;-2.959636636E-03;-0.0586119826;0.0162434882
107.60165313;6.0999869776;-3.100261637E-03;-0.0591666701;0.0159257799
108.10166081;6.1812499984;-3.365886637E-03;-0.0596744826;0.0157968736
108.60166849;6.2630338526;-3.58203247E-03;-0.0601796909;0.0156419257
109.10167617;6.3378124984;-3.726563722E-03;-0.0606979201;0.0153736965
109.60168385;6.41111979;-3.837240801E-03;-0.0612317742;0.0150351549
110.10169154;6.4824088525;-3.933594969E-03;-0.0617578159;0.0146054674
110.60169922;6.5502213525;-4.113282469E-03;-0.0623177117;0.0143450507
111.1017069;6.6213281233;-4.276042884E-03;-0.0628489617;0.013911457
111.60171458;6.6921223941;-4.368490801E-03;-0.0633984409;0.0136809882
112.10172226;6.7605208316;-4.510417886E-03;-0.0639505242;0.0134531236
112.60172994;6.8292708316;-4.627605383E-03;-0.0645286492;0.0129856757
113.10173762;6.8941015607;-4.752605382E-03;-0.0650859409;0.0127981757
113.6017453;6.9596354149;-4.819011635E-03;-0.0656953159;0.0123619778
114.10175298;7.0264583315;-4.979167883E-03;-0.0662812534;0.0120885403
114.60176066;7.0904687482;-5.076824134E-03;-0.0669010451;0.0118007799
115.10176834;7.1543619773;-5.157553299E-03;-0.0675338576;0.0114361965
115.60177603;7.214622394;-5.201824133E-03;-0.0681927117;0.011069009
116.10178371;7.2758333315;-5.197917882E-03;-0.0688619826;0.010694009
116.60179139;7.3314583315;-5.339844967E-03;-0.0695833367;0.010381509
117.10179907;7.3869140606;-5.372397048E-03;-0.0702395867;0.010114582
117.60180675;7.4397526023;-5.373699132E-03;-0.0709401076;9.70963409E-03
118.10181443;7.4892447898;-5.35937622E-03;-0.0716744826;9.230467425E-03
118.60182211;7.5383984356;-5.319011637E-03;-0.0723567742;8.730467423E-03
119.10182979;7.5889322897;-5.26953247E-03;-0.0731171909;8.410154921E-03
119.60183747;7.6337760397;-5.167969968E-03;-0.0739036492;8.091144511E-03
120.10184515;7.6737890605;-4.932292882E-03;-0.0748723992;7.634113259E-03
120.60185284;7.7186979147;-4.773438719E-03;-0.0757317742;6.838540342E-03
121.10186052;7.7692578105;-4.722657467E-03;-0.0766927117;6.624998677E-03
121.6018682;7.8111328105;-4.628907467E-03;-0.0776406284;6.265623676E-03
122.10187588;7.8560026022;-4.505209552E-03;-0.0786093784;5.915363261E-03
122.60188356;7.9059244771;-4.58333455E-03;-0.0796328159;5.971352839E-03
123.10189124;7.9482682271;-4.730469969E-03;-0.0808541701;5.973957006E-03
123.60189892;7.9940494771;-4.678386634E-03;-0.0821406284;5.938800757E-03
124.1019066;8.0419401021;-4.561199137E-03;-0.0833541701;5.951821593E-03
124.60191428;8.0850911438;-4.38281372E-03;-0.0846744826;5.794269505E-03
125.10192196;8.1300390604;-4.158855386E-03;-0.0860390659;5.549477842E-03
125.60192965;8.1736979146;-3.78645955E-03;-0.0873958367;5.291665344E-03
126.10193733;8.2210286437;-3.451824137E-03;-0.0889296909;5.00260284E-03
126.60194501;8.2633072896;-3.111980382E-03;-0.0906302117;4.778644506E-03
127.10195269;8.304283852;-2.897136633E-03;-0.0921875034;4.726561172E-03
127.60196037;8.3540104145;-2.705730388E-03;-0.0936562534;4.447915343E-03
128.10196805;8.3951171854;-2.457032467E-03;-0.0951666701;4.053384094E-03
128.60197573;8.4405859353;-2.29687622E-03;-0.0966328159;3.647134093E-03
129.10198342;8.4835677062;-2.082032471E-03;-0.0981588576;3.287759092E-03
129.6019911;8.5248958312;-1.937501219E-03;-0.0996796909;2.522134091E-03
130.10199879;8.5686848936;-1.589844971E-03;-0.1015703159;1.554686176E-03
130.60200647;8.6090755186;-1.235678304E-03;-0.1035598992;6.210924257E-04
131.10201415;8.6562109353;-9.244803877E-04;-0.1055156284;-8.593882375E-05
131.60202184;8.6972265603;-6.171887216E-04;-0.1075625034;-1.041667987E-03
132.10202952;8.7395312478;-3.281262179E-04;-0.1094583367;-1.906251323E-03
132.60203721;8.7847916644;-1.393241327E-04;-0.1113098992;-2.602865904E-03
133.10204489;8.8265755186;9.5050862E-05;-0.1131744826;-3.363282572E-03
133.60205257;8.8683072894;2.955716991E-04;-0.1151015659;-4.248699238E-03
134.10206026;8.9101692686;6.380196136E-04;-0.1171250034;-5.778647158E-03
134.60206794;8.9515494769;9.72655027E-04;-0.119182295;-6.932292992E-03
135.10207562;8.9943359352;1.240884194E-03;-0.1211484409;-7.825522152E-03
135.60208331;9.0345312477;1.665363364E-03;-0.1233020867;-8.717449236E-03
136.10209099;9.0744140602;2.552082114E-03;-0.1265651076;-0.0108020846
136.60209868;9.1132942685;3.054686276E-03;-0.1293776075;-0.0132981784
137.10210636;9.1537369768;3.432290446E-03;-0.13185417;-0.0153593763
137.60211404;9.1936067685;3.716144616E-03;-0.1340911492;-0.0169700534
138.10212173;9.2320703101;4.001300862E-03;-0.1362708367;-0.0185299492
138.60212941;9.2756380185;4.395832111E-03;-0.138619795;-0.0200820325
139.1021371;9.3156640601;4.636717531E-03;-0.1407552117;-0.0211497409
139.60214478;9.3564322893;4.838540444E-03;-0.1429843784;-0.0219218763
140.10215246;9.3976692684;5.069009195E-03;-0.1451927117;-0.022714845
140.60216015;9.4295703101;5.359373775E-03;-0.1474375034;-0.0236770846
141.10216783;9.4715494767;5.593748777E-03;-0.1497031284;-0.024933595
141.60217552;9.5118229142;5.786457113E-03;-0.1518593784;-0.0262265638
142.1021832;9.5515624976;5.94270711E-03;-0.15410417;-0.0274322929
142.60219088;9.5918489559;6.001300862E-03;-0.15622917;-0.0284778659
143.10219857;9.6228124975;6.727863365E-03;-0.1600364617;-0.0301445325
143.60220625;9.6615755184;7.195311278E-03;-0.1631614617;-0.0316640638
144.10221393;9.70269531;7.47265503E-03;-0.165744795;-0.0330703138
144.60222162;9.7436067683;7.58723836E-03;-0.1682942742;-0.033902345
145.1022293;9.7847395808;7.355467525E-03;-0.17057292;-0.0347252617
145.60223699;9.8224739558;6.688800858E-03;-0.1726276075;-0.0354348971
146.10224467;9.8602083308;6.248696692E-03;-0.1749140659;-0.0364309909
146.60225235;9.8965494766;5.981769609E-03;-0.17735417;-0.0379348971
147.10226004;9.9365624975;5.743488363E-03;-0.1797421909;-0.0393125013
147.60226772;9.9767317683;5.59114461E-03;-0.1822838575;-0.0407473971
148.10227541;10.017877602;5.529946698E-03;-0.1847109409;-0.0420182304
148.60228309;10.057343747;5.58723836E-03;-0.18726042;-0.0433854179
149.10229077;10.096940102;5.657550864E-03;-0.1902187534;-0.0450416679
149.60229846;10.126888018;7.433592531E-03;-0.1984244825;-0.0502786471
150.10230614;10.167317706;8.09374878E-03;-0.2033723992;-0.0528476575
150.60231382;10.204609372;8.738280026E-03;-0.2082994825;-0.0562213554
151.10232151;10.237343747;9.617186275E-03;-0.2147369825;-0.0621341158
151.60232919;10.276979164;9.325519611E-03;-0.2188020867;-0.0667395846
152.10233688;10.302552081;6.109373782E-03;-0.2223359409;-0.0751510429
152.60234456;10.343450518;3.761717525E-03;-0.2268776075;-0.0826341158
153.10235224;10.384192706;1.686196694E-03;-0.2297786492;-0.0858020846
153.60235993;10.424114581;2.656237775E-04;-0.2331536492;-0.0877239596
154.10236761;10.461966143;-5.195324702E-04;-0.236557295;-0.0897851575
154.6023753;10.496549476;-8.671887189E-04;-0.2401614617;-0.0915729179
155.10238298;10.538489581;-7.8515747E-04;-0.2455989617;-0.0931914075
155.60239066;10.56566406;6.783841963E-04;-0.2556588575;-0.0945572929
156.10239835;10.604401039;1.12890503E-03;-0.2640989617;-0.0950781263
156.60240603;10.641406247;1.013019616E-03;-0.2697343783;-0.0967864596
157.10241372;10.67769531;1.388019612E-03;-0.2764244825;-0.0994401054
157.6024214;10.723059893;1.240884194E-03;-0.2809140658;-0.1015885429
158.10242908;10.765416664;1.066405027E-03;-0.2849036492;-0.1035872408
158.60243677;10.809973956;7.33071698E-04;-0.2883906283;-0.1058736992
159.10244445;10.846523435;-2.474080247E-05;-0.2915598992;-0.1087513033
159.60245213;10.888567706;-6.848970515E-04;-0.2947395867;-0.1109713554
160.10245982;10.931106768;-1.049480386E-03;-0.2981223992;-0.1129817721
160.6024675;10.970703122;-1.489584552E-03;-0.3012734408;-0.1151731783
161.10247519;11.015208331;-1.947917888E-03;-0.3044817742;-0.1171966158
161.60248287;11.055533851;-2.563803303E-03;-0.3076875033;-0.1198437512
162.10249055;11.084648435;-2.024740802E-03;-0.3150807325;-0.128089845
162.60249824;11.115742185;-4.906251218E-03;-0.3192578158;-0.1367630221
163.10250592;11.142981768;-7.680990798E-03;-0.3249348992;-0.1463411471
163.60251361;11.179231768;-9.930990803E-03;-0.3297187533;-0.1504869804
164.10252129;11.22114583;-0.0119231783;-0.3326250033;-0.1525416679
164.60252897;11.261197914;-0.0131809908;-0.3354505242;-0.1536276054
165.10253666;11.291940101;-0.0140677095;-0.3379140658;-0.1557044283
165.60254434;11.33394531;-0.0148997408;-0.3405026075;-0.1566315117
166.10255203;11.37332031;-0.0154114595;-0.3440807325;-0.1586979179
166.60255971;11.41364583;-0.0164492199;-0.3475130242;-0.1612421887
167.10256739;11.45552083;-0.0173489595;-0.351119795;-0.163433595
167.60257508;11.49535156;-0.0181940116;-0.3542656283;-0.1651080742
168.2025843;11.525885414;-0.0248268241;-0.35576042;-0.1666653658
168.62259075;11.553580726;-0.0286002616;-0.35576042;-0.1682213554
169.32260151;11.592890622;-0.0286679699;-0.35785417;-0.1682591158
169.60260581;11.62160156;-0.0378997407;-0.3635468783;-0.1766432304
170.1026135;11.633151039;-0.0348528657;-0.3834036491;-0.1873020846
170.60262118;11.673138018;-0.0360013032;-0.3888593783;-0.1918190116
171.10262886;11.716666664;-0.0371940116;-0.3926536491;-0.1956757825
171.60263655;11.757786455;-0.0381875012;-0.3962994825;-0.1980638033
172.10264423;11.787278643;-0.0378346366;-0.4024973991;-0.1975963554
172.60265192;11.821992184;-0.0437382824;-0.4041223991;-0.1991328137
173.1026596;11.854765622;-0.0484231782;-0.4055859408;-0.2003046887
173.60266728;11.894999997;-0.0508580741;-0.4084609408;-0.2018671887
174.10267497;11.935937497;-0.0533632824;-0.4107708366;-0.2023255221
174.60268265;11.97348958;-0.0552617199;-0.4135937533;-0.2034817721
175.10269033;12.007161455;-0.0575312512;-0.4166562533;-0.2046757825
175.60269802;12.045781247;-0.0591015637;-0.4195677116;-0.2065286471
176.1027057;12.084609372;-0.0601458345;-0.4234843783;-0.2087981783
176.60271339;12.109231768;-0.0589401053;-0.4376927116;-0.2177565116
177.10272107;12.135898434;-0.0590377616;-0.4477369825;-0.2212447929
177.60272875;12.162369789;-0.0601783866;-0.456619795;-0.2230703137
178.10273644;12.198190101;-0.062497397;-0.4612786491;-0.2254687512
178.60274412;12.241861976;-0.0646484387;-0.46432292;-0.2283489596
179.10275181;12.286015622;-0.066606772;-0.4672057325;-0.2304375012
179.60275949;12.327604164;-0.0677460949;-0.4700182325;-0.2324505221
180.10276717;12.37036458;-0.0692395845;-0.4723411491;-0.2347434908
180.60277486;12.407799476;-0.0706445324;-0.474432295;-0.2369101575
181.10278254;12.45286458;-0.0721653657;-0.4765859408;-0.2390130221
181.60279023;12.488854163;-0.0736523449;-0.4786380241;-0.2412369804
182.10279791;12.526901038;-0.0752526053;-0.4805338575;-0.2427239595
182.60280559;12.567356768;-0.076903647;-0.4825468783;-0.2449934908
183.10281328;12.605911455;-0.078700522;-0.48422917;-0.2471093762
183.60282096;12.648242184;-0.0804075532;-0.4861770866;-0.2492890637
184.10282864;12.679674476;-0.081403647;-0.4895390658;-0.2520664075
184.60283633;12.717695309;-0.0823841157;-0.4941484408;-0.2548476575
185.10284401;12.756393226;-0.0833802095;-0.4980937533;-0.2575390637
185.6028517;12.794127601;-0.0843932303;-0.5006354199;-0.2603958345
186.10285938;12.834257809;-0.0859296887;-0.5027526075;-0.263325522
186.60286706;12.874062497;-0.0876666678;-0.5045755241;-0.2658059908
187.10287475;12.91083333;-0.0902213553;-0.5058125033;-0.2681315116
187.60288243;12.945442705;-0.0931406262;-0.5071276074;-0.2705846366
188.10289012;12.979283851;-0.0958307303;-0.5088307324;-0.2719583345
188.6028978;13.017122393;-0.1017929699;-0.5087526074;-0.276013022
189.10290548;13.048411455;-0.1058697928;-0.5098567741;-0.2771080741
189.60291317;13.089036455;-0.1083111991;-0.5118333366;-0.2799010429
190.10292085;13.129036455;-0.1104010428;-0.5135286491;-0.2821770845
190.60292854;13.168632809;-0.1126927095;-0.5148958366;-0.2837682304
191.10293622;13.209830726;-0.1150221366;-0.5163802116;-0.2857591158
191.5829436;13.248372392;-0.1171888032;-0.5175703158;-0.2873984387
192.08295128;13.290416663;-0.1196640636;-0.5190416699;-0.2894765637
192.58295896;13.32661458;-0.1218203136;-0.5208671908;-0.2912591158
193.08296665;13.362356767;-0.1242981782;-0.5225078158;-0.2928958345
193.58297433;13.403190101;-0.1267408866;-0.5242057324;-0.2949140637
194.08298201;13.44348958;-0.1291445324;-0.5260260449;-0.2979244804
194.5829897;13.481041663;-0.1306054699;-0.5276666699;-0.2998138033
195.08299738;13.521601559;-0.1323307303;-0.5294010449;-0.3014895845
195.58300507;13.552369788;-0.1338229178;-0.5311770866;-0.3037200533
196.08301275;13.591901038;-0.136341147;-0.5326953158;-0.3062682304
196.58302043;13.620507809;-0.146903647;-0.5305364616;-0.3113919283
197.08302812;13.656874997;-0.1538398449;-0.5301822949;-0.3150364595
197.5830358;13.697122392;-0.1568502616;-0.5315859408;-0.3172929699
198.08304349;13.737330726;-0.1591966157;-0.5331484408;-0.3197539074
198.58305117;13.775234371;-0.1613919282;-0.5348307324;-0.3217513033
199.08305885;13.810651038;-0.1640963553;-0.5362526074;-0.3238606783
199.58306654;13.852148434;-0.1669427095;-0.5375546908;-0.3265455741
200.08307422;13.880117184;-0.1754075532;-0.5360494824;-0.327091147
200.58308191;13.915013017;-0.179372397;-0.5369791699;-0.3304635429
201.08308959;13.95864583;-0.1820820324;-0.5382760449;-0.3328085949
201.58309727;13.98833333;-0.1842434907;-0.5396171908;-0.334700522
202.08310496;14.029361976;-0.1868645845;-0.5409739616;-0.336497397
202.58311264;14.071640621;-0.1895794282;-0.5423072949;-0.3381458345
203.08312032;14.112460934;-0.1923085949;-0.5436744824;-0.3398007824
203.58312801;14.152656246;-0.1953867199;-0.5449140658;-0.3411197929
204.08313569;14.192994788;-0.1980065115;-0.5462890658;-0.3430559908
204.58314338;14.230091142;-0.2003854178;-0.5477057324;-0.3450026054
205.08315106;14.270468746;-0.2028489595;-0.5491875033;-0.3471510429
205.58315874;14.305182288;-0.2060572928;-0.5502578158;-0.3488463554
206.08316643;14.32286458;-0.2052200532;-0.5617578158;-0.357184897
206.58317411;14.357929684;-0.2073151053;-0.5668906283;-0.3640729179
207.0831818;14.401640621;-0.2094427095;-0.5687473991;-0.3663632824
207.58318948;14.440247392;-0.2115703136;-0.5702057324;-0.3684140637
208.08319716;14.480169267;-0.2141289074;-0.5715390658;-0.3701406262
208.58320485;14.522122392;-0.2164401053;-0.5729218783;-0.3725351574
209.08321253;14.559986975;-0.2190872407;-0.5742187533;-0.3746276053
209.58322022;14.594674475;-0.221842449;-0.5754453158;-0.3772226574
210.0832279;14.632421871;-0.224575522;-0.5766406283;-0.3803229179
210.58323558;14.671119788;-0.227061199;-0.5777734408;-0.3827122408
211.08324327;14.71098958;-0.229186199;-0.5791250033;-0.384903647
211.58325095;14.74067708;-0.2318151053;-0.5804218783;-0.3872877616
212.08325863;14.778906246;-0.2351901053;-0.5823854199;-0.3874479178
212.58326632;14.814947913;-0.2379179699;-0.5841145866;-0.3894322928
213.083274;14.849674475;-0.2403203136;-0.5858046908;-0.3918320324
213.58328169;14.88770833;-0.2425195324;-0.5874192741;-0.3937864595
214.08328937;14.929322913;-0.2447213553;-0.5889817741;-0.3957369803
214.58329705;14.970325517;-0.246920574;-0.5904505241;-0.3979804699
215.08330474;15.008867184;-0.2495677094;-0.5918515658;-0.399966147
215.58331242;15.042591142;-0.2516263032;-0.5933567741;-0.4016705741
216.08332011;15.083997392;-0.2553020844;-0.5941328158;-0.4029869803
216.58332779;15.122916663;-0.2575156261;-0.5954765658;-0.4048450533
217.08333547;15.164583329;-0.2593567719;-0.5970989616;-0.4070182303
217.58334316;15.200455725;-0.2609244803;-0.5991302116;-0.4095364595
218.08335084;15.234674475;-0.262779949;-0.6009895866;-0.4125481783
218.58335852;15.276184892;-0.2643815115;-0.6025625033;-0.415059897
219.08336621;15.314492184;-0.2661692719;-0.6041015658;-0.4175234387
219.58337389;15.348138017;-0.2680651053;-0.6055859407;-0.4197643241
220.08338158;15.388489579;-0.2699322928;-0.6071718783;-0.4219934908
220.58338926;15.427994788;-0.2718763032;-0.6085989616;-0.4238906262
221.08339694;15.469075517;-0.2742565115;-0.6100494824;-0.4257382824
221.58340463;15.502864579;-0.2773710949;-0.6110989616;-0.427731772
222.08341231;15.538333329;-0.279311199;-0.6125651074;-0.4294856782
222.58342;15.576666663;-0.2810989594;-0.6139192741;-0.4314609387
223.08342768;15.607031246;-0.2836067719;-0.6152135449;-0.4333945324
223.58343536;15.647005204;-0.2858854178;-0.6166406283;-0.4351653657
224.08344305;15.686054684;-0.2880000011;-0.6181484408;-0.436950522
224.58345073;15.724257808;-0.290123699;-0.6196744824;-0.4384752616
225.08345842;15.7641276;-0.2920442719;-0.6212708366;-0.4402369803
225.5834661;15.799817704;-0.2939296886;-0.6227630241;-0.4422617199
226.08347378;15.840520829;-0.295811199;-0.6244192741;-0.4440208345
226.58348147;15.880520829;-0.2976002615;-0.6259895866;-0.4458229178
227.08348915;15.918593746;-0.2994531261;-0.6275807324;-0.4477760428
227.58349683;15.955416663;-0.3013632823;-0.6292109408;-0.4497591157
228.08350452;15.993203121;-0.3032109386;-0.6308984408;-0.4514453137
228.5835122;16.033268225;-0.305061199;-0.6325234408;-0.4529843762
229.08351989;16.072994788;-0.3068125011;-0.6341875033;-0.4547799491
229.58352757;16.107552079;-0.3082734386;-0.6358255241;-0.4567070324
230.08353525;16.145104163;-0.3097434907;-0.6376484408;-0.4589674491
230.58354294;16.184244788;-0.3115507823;-0.6393281282;-0.4610559907
231.08355062;16.223281246;-0.3133437511;-0.6410468782;-0.463356772
231.58355831;16.256640621;-0.3150013032;-0.6426197949;-0.4652565116
232.08356599;16.295273433;-0.3168867198;-0.6442942741;-0.467247397
232.58357367;16.334661454;-0.318826824;-0.6459192741;-0.4691705741
233.08358136;16.372903642;-0.3208281261;-0.6475833366;-0.4710963553
233.58358904;16.408749996;-0.3228203136;-0.6491953157;-0.4730533866
234.08359673;16.443710933;-0.3248697928;-0.6508645866;-0.4747994803
234.58360441;16.485117183;-0.3263007823;-0.6524661491;-0.4768307303
235.08361209;16.523177079;-0.3279296886;-0.6541354199;-0.4787304699
235.58361978;16.555820308;-0.3291210948;-0.6556510449;-0.4807369803
236.08362746;16.595638017;-0.3307695323;-0.6572369824;-0.4828763032
236.58363514;16.6335026;-0.3322460948;-0.6587213574;-0.4848736991
237.08364283;16.670833329;-0.3341783865;-0.6601562532;-0.4868463553
237.58365051;16.701588537;-0.3359401053;-0.6607890657;-0.4894127616
238.0836582;16.737825517;-0.3381562511;-0.6620260449;-0.4913085949
238.58366588;16.774661454;-0.3403125011;-0.6633828157;-0.4932708345
239.08367356;16.815156246;-0.3424322928;-0.6647838574;-0.4953893241
239.58368125;16.854049475;-0.3445130219;-0.6661510449;-0.4974361991
240.08368893;16.890299475;-0.3466575532;-0.6675963574;-0.4994778657
240.58369662;16.924153642;-0.3487356782;-0.6690729199;-0.5015338553
241.0837043;16.963749996;-0.3522695323;-0.6700364616;-0.5043007824
241.58371198;16.991575516;-0.3550234386;-0.6717187532;-0.5066614595
242.08371967;17.033046871;-0.356904949;-0.6735078157;-0.5095494803
242.58372735;17.06803385;-0.3588919282;-0.6753098991;-0.5126888032
243.08373503;17.099869787;-0.3603841157;-0.6776640657;-0.5152669282
243.58374272;17.139570308;-0.3622369802;-0.6795755241;-0.5186276053
244.0837504;17.170364579;-0.3639583344;-0.6811848991;-0.5210351574
244.58375809;17.204544266;-0.3660859386;-0.6825520866;-0.5235611991
245.08376577;17.237955725;-0.3680859386;-0.6838880241;-0.5256054699
245.58377345;17.270403641;-0.3700013032;-0.6851744824;-0.5276471366
246.08378114;17.306419266;-0.3720195323;-0.6866692741;-0.5294830741
246.58378882;17.345156246;-0.3739466157;-0.6880546907;-0.5314713553
247.08379651;17.386106766;-0.3755703136;-0.6895755241;-0.533528647
247.58380419;17.419192704;-0.3772460948;-0.6910807324;-0.5358242199
248.08381187;17.455312496;-0.3786132823;-0.6925468782;-0.5375872407
248.58381956;17.494882808;-0.3803828136;-0.6940156282;-0.5392747407
249.08382724;17.534635412;-0.3823645844;-0.6954531282;-0.5411523449
249.58383493;17.566809891;-0.3847591157;-0.6968854199;-0.5430625011
250.08384261;17.608072912;-0.3869179698;-0.6983932324;-0.5447148449
250.58385029;17.645520829;-0.3890442719;-0.6997656282;-0.546669272
251.08385798;17.680976558;-0.3913125011;-0.7012317741;-0.5488046886
251.58386566;17.71773437;-0.3940807302;-0.7026197949;-0.5510260428
252.08387334;17.746901037;-0.3995833344;-0.7029453157;-0.5519869803
252.58388103;17.785039058;-0.4022161469;-0.7042005241;-0.5540169282
253.08388871;17.820208329;-0.4042513032;-0.7057968782;-0.5562239595
253.5838964;17.855507808;-0.4062252615;-0.7074479199;-0.5584882824
254.08390408;17.89554687;-0.4083229177;-0.7090026074;-0.5606549491
254.58391176;17.930507808;-0.4097929698;-0.7105078157;-0.5626562511
255.08391945;17.965989579;-0.4114127615;-0.7120651074;-0.5647109386
255.58392713;18.005247391;-0.413108074;-0.7136015657;-0.5665963553
256.08393482;18.045273433;-0.4150260427;-0.7151953157;-0.5685937511
256.5839425;18.076223954;-0.4167500011;-0.7167630241;-0.5702981782
257.08395018;18.115351558;-0.4185468761;-0.7184218782;-0.5723046886
257.58395787;18.151562495;-0.4204401052;-0.7200807324;-0.5745117199
258.08396555;18.18445312;-0.4221953136;-0.7217395866;-0.5761888032
258.58397323;18.223307287;-0.4239114594;-0.7234375032;-0.578278647
259.08398092;18.259960933;-0.425295574;-0.7254010449;-0.5803229178
259.5839886;18.293164058;-0.4265208344;-0.7271770866;-0.5827903657
260.08399629;18.332096349;-0.4278007823;-0.7288723991;-0.5852682303
260.58400397;18.361927079;-0.4297747407;-0.7301432324;-0.5877135428
261.08401165;18.398554683;-0.4319140636;-0.7317630241;-0.5896796886
261.58401934;18.433411454;-0.4334791677;-0.7336276074;-0.591372397
262.08402702;18.468541662;-0.4351992198;-0.7355078157;-0.5934908865
262.58403471;18.508164058;-0.4369062511;-0.7372526074;-0.595389324
263.08404239;18.543919266;-0.4386484386;-0.7389869824;-0.597498699
263.58405007;18.580299474;-0.4402669281;-0.7407031282;-0.5993984386
264.08405776;18.617395829;-0.441967449;-0.7424114616;-0.6013007824
264.58406544;18.65070312;-0.4436653656;-0.7440833366;-0.6031757824
265.08407313;18.68914062;-0.445436199;-0.7457734407;-0.6052213553
265.58408081;18.72476562;-0.4472161469;-0.7473671907;-0.6072695324
266.08408849;18.759466141;-0.449076824;-0.7490182324;-0.6094244803
266.58409618;18.797291662;-0.4508216156;-0.7505546907;-0.6115195324
267.08410386;18.831223954;-0.4526627615;-0.7522239615;-0.6137083345
267.58411154;18.866914058;-0.4546588552;-0.7536562532;-0.6155039074
268.08411923;18.905039058;-0.4565442719;-0.7552291699;-0.6176653657
268.58412691;18.939270829;-0.4583411469;-0.7567968782;-0.6200026053
269.0841346;18.977057287;-0.4599453136;-0.758247399;-0.6221640636
269.58414228;19.01085937;-0.461436199;-0.7597447949;-0.6242552095
270.08414996;19.047161453;-0.4631536469;-0.7613541699;-0.626247397
270.58415765;19.080611974;-0.4645442719;-0.763653649;-0.6279283865
271.08416533;19.117526037;-0.4662578136;-0.7654453157;-0.6298398449
271.58417302;19.154427078;-0.4681367198;-0.7669713574;-0.6315677095
272.0841807;19.186380203;-0.4705000011;-0.768294274;-0.6332786469
272.58418838;19.222838537;-0.4727317719;-0.7695703157;-0.6352343761
273.08419607;19.25023437;-0.477701824;-0.7684817741;-0.638826824
273.58420375;19.292070308;-0.4806263031;-0.769419274;-0.6413502615
274.08421144;19.325742183;-0.4829882823;-0.7707552115;-0.6435885428
274.58421912;19.363124995;-0.4847864594;-0.7724687532;-0.6454622407
275.0842268;19.402018224;-0.4865429698;-0.7742265657;-0.647358074
275.58423449;19.432669266;-0.4880039073;-0.7765572949;-0.6495039074
276.08424217;19.471861974;-0.4890286469;-0.7796901074;-0.6521484386
276.58424985;19.50085937;-0.4904752615;-0.7815312532;-0.6538190115
277.08425754;19.531210933;-0.4920703135;-0.7830364615;-0.6556406261
277.58426522;19.56835937;-0.4937760427;-0.7845468782;-0.6575585949
278.08427291;19.608437495;-0.4955872406;-0.7860963574;-0.6593085949
278.58428059;19.641145828;-0.4972864594;-0.7876119824;-0.6611380219
279.08428827;19.678007807;-0.4988723969;-0.7891979199;-0.6628723969
279.58429596;19.713437495;-0.5006471365;-0.7907031282;-0.6646523449
280.08430364;19.749479162;-0.5023828135;-0.7923333365;-0.6664270844
280.58431133;19.787460932;-0.5037786469;-0.7937656282;-0.6680533865
281.08431901;19.816562495;-0.5097148448;-0.7925781282;-0.6711184907
281.58432669;19.857187495;-0.5118867198;-0.7936354199;-0.6728359386
282.08433438;19.892552078;-0.5139791677;-0.7948750032;-0.6746093761
282.58434206;19.926210932;-0.5158880219;-0.796184899;-0.6762630219
283.08434974;19.963020828;-0.5177942719;-0.797591149;-0.6778190115
283.58435743;19.996432287;-0.5194869802;-0.799247399;-0.6796575532
284.08436511;20.034414057;-0.5212226573;-0.8008229199;-0.6813411469
284.5843728;20.069088537;-0.5227513031;-0.8022994824;-0.6831106782
285.08438048;20.10398437;-0.5240429698;-0.803747399;-0.6847395844
285.58438816;20.138333328;-0.5251575531;-0.8051979199;-0.6865403657
286.08439585;20.170924474;-0.5261770844;-0.8067083365;-0.6879947928
286.58440353;20.210416662;-0.5274453135;-0.8081770865;-0.6895234386
287.08441122;20.244570307;-0.5290286469;-0.8096458365;-0.6911510428
287.5844189;20.278554682;-0.530578126;-0.8110546907;-0.6927513032
288.08442658;20.315312495;-0.5323802094;-0.8124609407;-0.6944947928
288.58443427;20.350260411;-0.5340820323;-0.8138750032;-0.6958997407
289.08444195;20.383945307;-0.5357981781;-0.8152838574;-0.6975273448
289.58444964;20.419908849;-0.5374596365;-0.8167057324;-0.6991757823
290.08445732;20.455052078;-0.5393190115;-0.8182526074;-0.7007968761
290.584465;20.487864578;-0.5410429698;-0.819716149;-0.7024322928
291.08447269;20.524739578;-0.5427565115;-0.8212708365;-0.7041067719
291.58448037;20.562135411;-0.5444153656;-0.822669274;-0.7059466157
292.08448805;20.59242187;-0.5461197927;-0.8241744824;-0.7077109386
292.58449574;20.632382807;-0.5477864594;-0.8256171907;-0.7093307303
293.08450342;20.66601562;-0.5495091156;-0.8270494824;-0.711061199
293.58451111;20.703151036;-0.5512747406;-0.8284765657;-0.7125898448
294.08451879;20.73914062;-0.5527630219;-0.8298750032;-0.7143476573
294.58452647;20.77257812;-0.5543789073;-0.831309899;-0.7159062511
295.08453416;20.812382807;-0.5560208344;-0.8327500032;-0.7176731782
295.58454184;20.841393224;-0.557592449;-0.8340703157;-0.7192916678
296.08454953;20.880117182;-0.5588776052;-0.8355156282;-0.7212031261
296.58455721;20.917434891;-0.5603203135;-0.8368437532;-0.7227382823
297.08456489;20.949127599;-0.5620898448;-0.8382968782;-0.7244427094
297.58457258;20.987005203;-0.5638333344;-0.8396484407;-0.7260781261
298.08458026;21.017552078;-0.5657825531;-0.8410390657;-0.7277825532
298.58458795;21.056419265;-0.5672161469;-0.8424062532;-0.7291315115
299.08459563;21.09165364;-0.5689453135;-0.8437838574;-0.7306627615
299.58460331;21.126249995;-0.570703126;-0.8451796907;-0.7323593761
300.084611;21.166770828;-0.5723164073;-0.8466015657;-0.7340690115
300.58461868;21.195885411;-0.5734726573;-0.8478645865;-0.7356510428
301.08462636;21.236093745;-0.5746276052;-0.8492578157;-0.7373138032
301.58463405;21.268007807;-0.5758085948;-0.8506015657;-0.7386992198
302.08464173;21.305143224;-0.5771640635;-0.851997399;-0.740154949
302.58464942;21.338294265;-0.5788177094;-0.8533125032;-0.7416315115
303.0846571;21.373177078;-0.5806171885;-0.8547239615;-0.7426848969
303.58466478;21.412513015;-0.5824231781;-0.8560781282;-0.7443125011
304.08467247;21.44337239;-0.5842460948;-0.8573177115;-0.7459570323
304.58468015;21.481380203;-0.5860885427;-0.8586484407;-0.7471315115
305.08468784;21.520429682;-0.5879518239;-0.8600260449;-0.7487304698
305.58469552;21.552526036;-0.5897369802;-0.8613802115;-0.750404949
306.0847032;21.592708328;-0.5916328135;-0.8628072949;-0.7519687511
306.58471089;21.626731765;-0.5934713552;-0.8640703157;-0.7533216157
307.08471857;21.663242182;-0.5954401052;-0.8654531282;-0.7550286469
307.58472625;21.700572911;-0.5974205739;-0.866731774;-0.756826824
308.08473394;21.73930989;-0.5995195323;-0.867981774;-0.7585846365
308.58474162;21.76805989;-0.6077799489;-0.8654401074;-0.7611458344
309.08474931;21.799648432;-0.6100403656;-0.8662265657;-0.7629010427
309.58475699;21.839648432;-0.6121705739;-0.8672760449;-0.7646783865
310.08476467;21.879401036;-0.6144440114;-0.868466149;-0.7663190115
310.58477236;21.912499994;-0.6164114593;-0.8695833365;-0.7681757823
311.08478004;21.950338536;-0.6185351573;-0.8708307324;-0.7700013032
311.58478773;21.989218744;-0.6203346364;-0.8720104199;-0.7716510427
312.08479541;22.029635411;-0.6219127614;-0.8732656282;-0.7734401052
312.58480309;22.065690099;-0.623312501;-0.874606774;-0.7751302094
313.08481078;22.100690099;-0.624531251;-0.8758984407;-0.7768671886
313.58481846;22.139361973;-0.6260611989;-0.8772109407;-0.7785442719
314.08482615;22.175078119;-0.627968751;-0.8784296907;-0.7801497407
314.58483383;22.210052078;-0.6299583343;-0.8796822948;-0.7819010427
315.08484151;22.249257807;-0.6319609385;-0.8810390657;-0.7835976573
315.5848492;22.287239578;-0.6338333343;-0.8822526073;-0.7853880219
316.08485688;22.323307286;-0.6357539073;-0.8835963573;-0.7872044282
316.58486456;22.358281244;-0.6376393239;-0.8848984407;-0.7886875011
317.08487225;22.397486973;-0.6395833343;-0.8862421907;-0.7903802094
317.58487993;22.434700515;-0.6414817718;-0.887669274;-0.7919778657
318.08488762;22.469388015;-0.6433958343;-0.8890937532;-0.7938190115
318.5848953;22.510585932;-0.6452903656;-0.8905182323;-0.7956692719
319.08490298;22.545234369;-0.6470950531;-0.8919635449;-0.797389324
319.58491067;22.576471348;-0.6487018239;-0.8934244823;-0.799201824
320.08491835;22.618151036;-0.6506731781;-0.8948515657;-0.8009739594
320.58492604;22.652226557;-0.6520846364;-0.8962239615;-0.8025742198
321.08493372;22.690494786;-0.6538802093;-0.8976510448;-0.8044257823
321.5849414;22.727239578;-0.6555859385;-0.898950524;-0.8061783865
322.08494909;22.765169265;-0.6570416677;-0.900325524;-0.8080677094
322.58495677;22.801458328;-0.6585859385;-0.9016588573;-0.8098033865
323.08496446;22.839869786;-0.6605234385;-0.903075524;-0.8116302094
323.58497214;22.880481765;-0.6623567718;-0.9045651073;-0.8135664073
324.08497982;22.915325515;-0.6641770843;-0.9061484407;-0.8153932302
324.58498751;22.951080723;-0.6659544281;-0.9076432323;-0.8172838552
325.08499519;22.991015619;-0.6677903656;-0.9091588573;-0.8191328136
325.58500287;23.022630202;-0.6694960948;-0.9105260448;-0.8209270844
326.08501056;23.063515619;-0.6709505218;-0.9120390657;-0.8226067719
326.58501824;23.101132807;-0.6721666677;-0.9134479198;-0.8245533865
327.08502593;23.141054682;-0.6732864593;-0.9148776073;-0.8264023448
327.58503361;23.173776036;-0.6748567718;-0.9162526073;-0.8279661469
328.08504129;23.210494786;-0.6764440114;-0.9176354198;-0.8297604177
328.58504898;23.250117182;-0.6783098968;-0.9190520865;-0.8314622406
329.08505666;23.285755202;-0.6801080739;-0.920497399;-0.8330260427
329.58506435;23.321354161;-0.6819778656;-0.9219088573;-0.8347812511
330.08507203;23.361744786;-0.6836927093;-0.9235989615;-0.8367968761
330.58507971;23.399817702;-0.6855247406;-0.9250000032;-0.8382617198
331.0850874;23.436276036;-0.6873958343;-0.9265026073;-0.8398541677
331.58509508;23.470481765;-0.6891614593;-0.9279583365;-0.8416796886
332.08510276;23.511731765;-0.690937501;-0.929513024;-0.8434062511
332.58511045;23.548085931;-0.6929088552;-0.9310260448;-0.8451562511
333.08511813;23.582096348;-0.6947552093;-0.9324088573;-0.8467825531
333.58512582;23.620221348;-0.6964296885;-0.9338776073;-0.8486184906
334.0851335;23.657174473;-0.6982617197;-0.9352968782;-0.8504804698
334.58514118;23.689739577;-0.6999179697;-0.9368385448;-0.8518880219
335.08514887;23.730013015;-0.7014583343;-0.938294274;-0.8535039073
335.58515655;23.768893223;-0.703062501;-0.9396953157;-0.8552382823
336.08516424;23.80462239;-0.7047890635;-0.9412395865;-0.8571354177
336.58517192;23.840377598;-0.7062539072;-0.9427369823;-0.8591354177
337.0851796;23.881067702;-0.7078072927;-0.9442916698;-0.8610117198
337.58518729;23.919205723;-0.7096002614;-0.9457890657;-0.8630963552
338.08519497;23.954257806;-0.7114869802;-0.9471979198;-0.8650651052
338.58520266;23.990924473;-0.7133320322;-0.9486093782;-0.866779949
339.08521034;24.030442702;-0.7151445322;-0.9500234407;-0.868451824
339.58521802;24.06555989;-0.7169583343;-0.9514244823;-0.8703567719
340.08522571;24.104687494;-0.7189114593;-0.9529010448;-0.8722070323
340.58523339;24.140351556;-0.7202539072;-0.9542604198;-0.8739791677
341.08524107;24.181562494;-0.7215755218;-0.9556796907;-0.875733074
341.58524876;24.214101556;-0.7226666677;-0.956981774;-0.8776875011
342.08525644;24.251263015;-0.7242382822;-0.9583932323;-0.8792929698
342.58526413;24.29119791;-0.7260143239;-0.959778649;-0.8810182302
343.08527181;24.328671869;-0.7278997406;-0.9611302115;-0.8826666677
343.58527949;24.361276035;-0.7297786468;-0.9624765657;-0.8843971365
344.08528718;24.39979166;-0.7316822927;-0.963763024;-0.8862343761
344.58529486;24.438151035;-0.7335065114;-0.9651796907;-0.8878541677
345.08530255;24.47588541;-0.7355494802;-0.9666510448;-0.8894700531
345.58531023;24.507734369;-0.7372434906;-0.9680052115;-0.8911940115
346.08531791;24.55088541;-0.7393098968;-0.9694427115;-0.8929492198
346.5853256;24.589960931;-0.7411067718;-0.970997399;-0.8945351573
347.08533328;24.62649739;-0.7427539072;-0.9724140657;-0.8963346365
347.58534097;24.657565098;-0.7447903656;-0.9738177115;-0.8978671885
348.08534865;24.698124994;-0.7466145843;-0.9752656282;-0.8996731781
348.58535633;24.733580723;-0.7472682302;-0.9786302115;-0.9030052094
349.08536402;24.765820306;-0.7487877614;-0.9802708365;-0.9049661469
349.5853717;24.807187494;-0.7501197927;-0.9818437532;-0.9068828135
350.08537938;24.843033848;-0.7510325531;-0.9833333365;-0.9088632823
350.58538707;24.874843744;-0.7522408864;-0.9845833365;-0.9104700531
351.08539475;24.915716139;-0.7536054697;-0.986169274;-0.9124153656
351.58540244;24.948333327;-0.7548515635;-0.9875520865;-0.9140989594
352.08541012;24.98401041;-0.7560989593;-0.9890625032;-0.9158033865
352.5854178;25.024609369;-0.7574934906;-0.990403649;-0.9175247406
353.08542549;25.066445306;-0.759187501;-0.9918177115;-0.9193398448
353.58543317;25.107395827;-0.7608528656;-0.9933281282;-0.9211184906
354.08544086;25.140976556;-0.7625429697;-0.9947578157;-0.9227981781
354.58544854;25.181002598;-0.7642109385;-0.9961171907;-0.9244544281
355.08545622;25.21635416;-0.765921876;-0.9975234407;-0.9260833344
355.58546391;25.250026035;-0.7676080739;-0.9989244823;-0.9277552094
356.08547159;25.290833327;-0.7691145843;-1.0003359407;-0.9295794281
356.58547927;25.328958327;-0.7702174489;-1.0016979199;-0.9310416677
357.08548696;25.364960931;-0.7713359385;-1.0031015657;-0.9325677094
357.58549464;25.400286452;-0.772609376;-1.0045260449;-0.9342083344
358.08550233;25.441080723;-0.7741067718;-1.005934899;-0.9361106781
358.58551001;25.480950514;-0.7758229176;-1.0073802115;-0.9378984385
359.08551769;25.515937493;-0.7775559906;-1.0088489615;-0.9391757823
359.58552538;25.553085931;-0.7792942718;-1.010263024;-0.9408320323
360.08553306;25.593411452;-0.7810716156;-1.011794274;-0.9427109385
360.58554075;25.627929681;-0.7827070322;-1.0131484407;-0.9441315115
361.08554843;25.666731764;-0.7845442718;-1.0146796907;-0.945828126
361.58555611;25.702864577;-0.7862161468;-1.0159921907;-0.9473867198
362.0855638;25.743346348;-0.7880677093;-1.0174322949;-0.9491783864
362.58557148;25.774231764;-0.7898333343;-1.0187265657;-0.950843751
363.08557917;25.812005202;-0.7916315114;-1.0201302115;-0.9521445323
363.58558685;25.850013014;-0.7934296885;-1.0215364615;-0.953812501
364.08559453;25.88510416;-0.7952265635;-1.0229557324;-0.9556445323
364.58560222;25.922513014;-0.7970364593;-1.0242994824;-0.9574075531
365.0856099;25.962981764;-0.7986458343;-1.0257526074;-0.9591796885
365.58561758;25.99963541;-0.8000898447;-1.027138024;-0.9608372406
366.08562527;26.040624993;-0.8019401051;-1.0285859407;-0.9626796885
366.58563295;26.072877598;-0.8034492197;-1.0299244824;-0.9643841156
367.08564064;26.112565098;-0.8049049489;-1.0313020865;-0.9661796885
367.58564832;26.149648431;-0.8063463551;-1.0326822949;-0.9677591156
368.085656;26.182773431;-0.8080768239;-1.0340468782;-0.9697838552
368.58566369;26.221679681;-0.8099036468;-1.035481774;-0.9715885427
369.08567137;26.258763014;-0.8117473968;-1.036809899;-0.9732174489
369.58567906;26.289739577;-0.813531251;-1.0382265657;-0.9751484385
370.08568674;26.334518222;-0.8153567718;-1.0396796907;-0.9768919281
370.58569442;26.37588541;-0.8170898447;-1.041169274;-0.9786549489
371.08570211;26.416588535;-0.8184973968;-1.0426015657;-0.9801119802
371.58570979;26.451731764;-0.819531251;-1.044059899;-0.9818138031
372.08571748;26.487057285;-0.820548178;-1.0455963573;-0.9833190114
372.58572516;26.525273431;-0.8219036468;-1.0470807324;-0.9850169281
373.08573284;26.562369785;-0.823313803;-1.0485729199;-0.9867460948
373.58574053;26.596393222;-0.8248098968;-1.0503776073;-0.9886705739
374.08574821;26.635846347;-0.8264596364;-1.051903649;-0.9902434906
374.58575589;26.674075514;-0.8280416676;-1.0534791698;-0.9919960948
375.08576358;26.709544264;-0.8297539072;-1.0550651074;-0.993640626
375.58577126;26.745234368;-0.8313203135;-1.056497399;-0.9951927094
376.08577895;26.786940097;-0.8330872405;-1.0581484407;-0.9968007823
376.58578663;26.820703118;-0.8347018239;-1.0595651074;-0.9983932302
377.08579431;26.856640618;-0.8364505218;-1.0610989615;-1.0003125011
377.585802;26.897825514;-0.838109376;-1.062684899;-1.0018932302
378.08580968;26.936263014;-0.8398059905;-1.0641614615;-1.0032526052
378.58581737;26.970989576;-0.8414479176;-1.065669274;-1.0050794281
379.08582505;27.007070306;-0.8431289072;-1.0671666698;-1.0068645844
379.58583273;27.047864576;-0.8448098968;-1.0686119824;-1.0086419282
380.08584042;27.086627597;-0.8466458343;-1.0701302115;-1.0103841156
380.5858481;27.11666666;-0.8480143239;-1.0715338574;-1.0120729177
381.08585578;27.155533847;-0.8494882822;-1.0730859407;-1.0138645844
381.58586347;27.193906243;-0.8511523447;-1.0745208365;-1.0155364594
382.08587115;27.228177076;-0.8525559905;-1.0759687532;-1.0173164073
382.58587884;27.266536451;-0.8538854176;-1.0775234407;-1.019045574
383.08588652;27.305859368;-0.8552526051;-1.0790468782;-1.020748699
383.5858942;27.34557291;-0.8569505218;-1.0805833365;-1.022186199
384.08590189;27.381158847;-0.8586484385;-1.0821041699;-1.0239179698
384.58590957;27.415195305;-0.8603476572;-1.0836250032;-1.0256250011
385.08591726;27.455872389;-0.8621041676;-1.0851302115;-1.0272968761
385.58592494;27.49292968;-0.8638098968;-1.0865729198;-1.0289257823
386.08593262;27.529687493;-0.8655494801;-1.0881276073;-1.0308463552
386.58594031;27.565455722;-0.8671015635;-1.0895182323;-1.0322539073
387.08594799;27.605169264;-0.8683190114;-1.0909687532;-1.0337994802
387.58595568;27.642734368;-0.8693828135;-1.0924427115;-1.0354817719
388.08596336;27.677591139;-0.8705911468;-1.0939427115;-1.0372760427
388.58597104;27.716874993;-0.8721145843;-1.0954114615;-1.0387421886
389.08597873;27.75808593;-0.8740039072;-1.0969140657;-1.0404479177
389.58598641;27.798619785;-0.8758046884;-1.0984427115;-1.0418619802
390.08599409;27.83572916;-0.8776471364;-1.0999687532;-1.0437122406
390.58600178;27.866914055;-0.8794401051;-1.1014244823;-1.0452070323
391.08600946;27.908020826;-0.8812812509;-1.1029218782;-1.0467239594
391.58601715;27.94541666;-0.8830559905;-1.1043359407;-1.0483658865
392.08602483;27.985781243;-0.8848736989;-1.1058307323;-1.0500872406
392.58603251;28.020546868;-0.8865872405;-1.1073359407;-1.0515872406
393.0860402;28.057786451;-0.8884153655;-1.1088046907;-1.0530026052
393.58604788;28.096940097;-0.8902148447;-1.1103958365;-1.0546627615
394.08605557;28.137434889;-0.8920104176;-1.1119583365;-1.0564778656
394.58606325;28.174999993;-0.8937812509;-1.1135000032;-1.0582122406
395.08607093;28.214570305;-0.8956666676;-1.1151015657;-1.0598710948
395.58607862;28.247604159;-0.8971835947;-1.1166302115;-1.0617213552
396.0860863;28.288164055;-0.8987786468;-1.1182604198;-1.0636380219
396.58609399;28.327343743;-0.9005755218;-1.1197812532;-1.0653606781
397.08610167;28.367499993;-0.9019296884;-1.1213697948;-1.0670911469
397.58610935;28.397669264;-0.9032656259;-1.1229322948;-1.0690013031
398.08611704;28.432356764;-0.9037421884;-1.1267578157;-1.0711848969
398.58612472;28.476471347;-0.9038619801;-1.1305260448;-1.0739075531
399.0861324;28.513606764;-0.9052942718;-1.1324947948;-1.0756497406
399.58614009;28.549231764;-0.9069322926;-1.1342526073;-1.0777981781
400.08614777;28.592187493;-0.9086796884;-1.135997399;-1.079498699
400.58615546;28.632174472;-0.9103007822;-1.1375182323;-1.081265626
401.08616314;28.672499993;-0.9120976572;-1.1391979198;-1.082984376
401.58617082;28.706874993;-0.9138085947;-1.1406979198;-1.084561199
402.08617851;28.745130201;-0.9155117197;-1.1422890657;-1.0864140635
402.58618619;28.784791659;-0.9170130218;-1.143763024;-1.088248699
403.08619388;28.824153638;-0.9179726572;-1.145216149;-1.0897864594
403.58620156;28.865664055;-0.919376303;-1.1466666698;-1.0914466156
404.08620924;28.903138013;-0.9210442718;-1.1481406282;-1.0932382823
404.58621693;28.942083326;-0.9228750009;-1.1496432323;-1.0948385427
405.08622461;28.980221347;-0.9247226572;-1.1511510448;-1.0965846365
405.58623229;29.01699218;-0.9264986989;-1.1525703157;-1.0982278656
406.08623998;29.057942701;-0.9288593759;-1.1538020865;-1.1002395844
406.58624766;29.094466138;-0.9308723968;-1.1550468782;-1.1020169281
407.08625535;29.129388013;-0.9328815114;-1.1564479198;-1.1034869802
407.58626303;29.168059888;-0.9346757822;-1.1579062532;-1.105217449
408.08627071;29.208828118;-0.9364791676;-1.1593854198;-1.1070585948
408.5862784;29.249752597;-0.9383437509;-1.160919274;-1.1088632823
409.08628608;29.289231763;-0.9401236989;-1.1624296907;-1.1105963552
409.58629377;29.328268222;-0.9419661468;-1.1639427115;-1.1124947927
410.08630145;29.365651034;-0.943595053;-1.1655572948;-1.1142421885
410.58630913;29.400651034;-0.9453125009;-1.1670625032;-1.1160221365
411.08631682;29.442356763;-0.9466640634;-1.1686927115;-1.1177552094
411.5863245;29.480963534;-0.9482552093;-1.1701979198;-1.1196510427
412.08633218;29.523385409;-0.9499830738;-1.1718281282;-1.1215130219
412.58633987;29.559778638;-0.9512148447;-1.1733177115;-1.1232604177
413.08634755;29.593619784;-0.9525260426;-1.1749140656;-1.1248828135
413.58635524;29.633333326;-0.9549244801;-1.1759427115;-1.1264856781
414.08636292;29.672890617;-0.9570611988;-1.1771197948;-1.1280247406
414.5863706;29.712161451;-0.9589687509;-1.1785416698;-1.1300833344
415.08637829;29.749830722;-0.9607890634;-1.1801406282;-1.1318151052
415.58638597;29.781380201;-0.9625403655;-1.181591149;-1.1333541677
416.08639366;29.826276034;-0.9641653655;-1.1831458365;-1.134984376
416.58640134;29.865963534;-0.9655234384;-1.1845833365;-1.1364492198
417.08640902;29.908359367;-0.9666523447;-1.186169274;-1.1383632823
417.58641671;29.946901034;-0.967766928;-1.1877734406;-1.1398776052
418.08642439;29.982291659;-0.9688398447;-1.1893593782;-1.141453126
418.58643208;30.01917968;-0.9703932301;-1.1908828156;-1.143015626
419.08643976;30.059570305;-0.9720403655;-1.1923671907;-1.1445494802
419.58644744;30.101341138;-0.9737148447;-1.193903649;-1.1460846364
420.08645513;30.139830721;-0.9754192718;-1.1955208365;-1.1476471364
420.58646281;30.175312492;-0.9770768238;-1.1970677115;-1.1492708344
421.08647049;30.215859367;-0.978813803;-1.1987213573;-1.1509986989
421.58647818;30.250859367;-0.9803697926;-1.200184899;-1.1525091156
422.08648586;30.292330721;-0.9820234384;-1.201825524;-1.1538255219
422.58649355;30.331093742;-0.9836471363;-1.2034609406;-1.1556835948
423.08650123;30.366666659;-0.9852864593;-1.205059899;-1.1573580739
423.58650891;30.402421867;-0.9869140634;-1.2066614615;-1.1591236989
424.0865166;30.440872388;-0.9885742197;-1.2082682323;-1.1607617198
424.58652428;30.480598951;-0.9902330738;-1.2098619823;-1.162625001
425.08653197;30.521406242;-0.9918906259;-1.2115052115;-1.1642395844
425.58653965;30.558164055;-0.9934049488;-1.213044274;-1.1660716156
426.08654733;30.599244784;-0.9949531259;-1.214747399;-1.1678697927
426.58655502;30.633020826;-0.9962239593;-1.2162734406;-1.1695351573
427.0865627;30.673476555;-0.9978945322;-1.2179218781;-1.1713177094
427.58657039;30.713203117;-0.9994895843;-1.2195625031;-1.1729973969
428.08657807;30.751783846;-1.0006979176;-1.2211614615;-1.1746419281
428.58658575;30.785338534;-1.0019427093;-1.222747399;-1.1764414073
429.08659344;30.826666659;-1.0035364593;-1.2243645865;-1.1781901052
429.58660112;30.867499992;-1.0050742197;-1.225997399;-1.1798802094
430.0866088;30.905468742;-1.0066848968;-1.2276276073;-1.1815950531
430.58661649;30.940403638;-1.0082252614;-1.2292552115;-1.1830651052
431.08662417;30.981809888;-1.0099101572;-1.2310572948;-1.1846184906
431.58663186;31.016940096;-1.0114153655;-1.232606774;-1.1862473969
432.08663954;31.059166659;-1.0129322926;-1.2342890656;-1.1880013031
432.58664722;31.096979159;-1.0142630218;-1.2359609406;-1.1894791677
433.08665491;31.130351555;-1.0152434905;-1.2375390656;-1.1910247406
433.58666259;31.16872395;-1.0159973968;-1.2391484406;-1.1926458344
434.08667028;31.209231763;-1.0173190114;-1.240794274;-1.1942252614
434.58667796;31.247864575;-1.0184674489;-1.2424791698;-1.1957044281
435.08668564;31.284335929;-1.0200234385;-1.2440494823;-1.1973255219
435.58669333;31.31949218;-1.0214817718;-1.2456979198;-1.1989023448
436.08670101;31.358893221;-1.0230833343;-1.2474947948;-1.2006614593
436.58670869;31.397916659;-1.0245065114;-1.2490416698;-1.2022317719
437.08671638;31.433776034;-1.026141928;-1.2507447948;-1.2035143239
437.58672406;31.471041659;-1.0276992197;-1.2522526073;-1.2047643239
438.08673175;31.507656242;-1.0292773447;-1.2538359406;-1.206218751
438.58673943;31.545820304;-1.0307174489;-1.255591149;-1.2078476573
439.08674711;31.585104159;-1.0323046885;-1.2572421906;-1.2094479177
439.5867548;31.620703117;-1.033609376;-1.2589739615;-1.2110898448
440.08676248;31.661393221;-1.0350872405;-1.260575524;-1.2125260427
440.58677017;31.698958325;-1.0365455739;-1.2622265656;-1.2142617198
441.08677785;31.739700513;-1.0380768239;-1.2640390656;-1.2159817718
441.58678553;31.772330721;-1.039501303;-1.2656770865;-1.2174960948
442.08679322;31.813333325;-1.041016928;-1.2674166698;-1.2192304698
442.5868009;31.854088534;-1.0426171885;-1.2690963573;-1.2209492198
443.08680859;31.890468742;-1.0439583343;-1.2707265656;-1.2222773448
443.58681627;31.924218742;-1.0451927093;-1.2723151073;-1.2239440114
444.08682395;31.964466138;-1.0465377614;-1.2738802115;-1.2256028656
444.58683164;32.003463533;-1.0479778655;-1.2754270865;-1.2272252614
445.08683932;32.042343742;-1.0491210947;-1.2770677115;-1.2288541677
445.586847;32.074843742;-1.050235678;-1.2785416698;-1.2302760427
446.08685469;32.114726554;-1.051500001;-1.2802578156;-1.2317669281
446.58686237;32.153867179;-1.0529166676;-1.281747399;-1.2332239593
447.08687006;32.194088533;-1.0545351572;-1.2832916698;-1.2345052093
447.58687774;32.223671867;-1.0559348968;-1.2849166698;-1.2363190114
448.08688542;32.262148429;-1.0565859384;-1.2867187531;-1.2381861989
448.58689311;32.293697908;-1.0573867197;-1.2887239615;-1.2390442718
449.08690079;32.333268221;-1.0583945322;-1.2905234406;-1.2400208343
449.58690848;32.3745052;-1.059735678;-1.2923046906;-1.2411783864
450.08691616;32.411992179;-1.0611445322;-1.293997399;-1.2425846364
450.58692384;32.444114575;-1.0625494801;-1.2956276073;-1.2439713552
451.08693153;32.484257804;-1.0637239593;-1.2973125031;-1.2453320323
451.58693921;32.522200513;-1.0642630218;-1.299028649;-1.2466783864
452.08694689;32.5610677;-1.065251303;-1.3007734406;-1.2482135427
452.58695458;32.597031242;-1.0664570322;-1.3023671906;-1.2494427093
453.08696226;32.635325512;-1.0675078134;-1.3039895864;-1.2508776052
453.58696995;32.674322908;-1.0689791676;-1.3055989615;-1.2522226573
454.08697763;32.710533846;-1.0704687509;-1.3071770864;-1.2535169281
454.58698531;32.747395825;-1.0719492197;-1.3087838573;-1.2549765635
455.086993;32.785651033;-1.0734947926;-1.3103463573;-1.2565169281
455.58700068;32.825364575;-1.0749687509;-1.3119010448;-1.2579856781
456.08700837;32.8638802;-1.0765677093;-1.3135494823;-1.2596861989
456.58701605;32.896145825;-1.0779882822;-1.3150234406;-1.260984376
457.08702373;32.936549471;-1.0796692718;-1.3166093781;-1.2627565114
457.58703142;32.976471346;-1.0812109384;-1.3182135448;-1.2644075531
458.0870391;33.011210929;-1.0826992197;-1.3197343781;-1.2659440114
458.58704679;33.049921867;-1.0842786468;-1.3213958365;-1.2676432302
459.08705447;33.086666658;-1.0858151051;-1.3230364614;-1.2690182302
459.58706215;33.124296867;-1.087282553;-1.324606774;-1.2705325531
460.08706984;33.158190096;-1.0890130218;-1.3260807323;-1.2724453135
460.58707752;33.198984366;-1.0906328134;-1.3277994823;-1.2741601572
461.0870852;33.236236971;-1.0922760426;-1.3292916698;-1.2757265635
461.58709289;33.272070304;-1.0935703134;-1.330903649;-1.2772382822
462.08710057;33.309999992;-1.0948867197;-1.3324947948;-1.2787877614
462.58710826;33.350429679;-1.0964609384;-1.3341015656;-1.2803033864
463.08711594;33.389205721;-1.0978528655;-1.3353098989;-1.2820143239
463.58712362;33.428138012;-1.0990208343;-1.3371302114;-1.2835039072
464.08713131;33.459583325;-1.1000260426;-1.3387317739;-1.2847460947
464.58713899;33.499882804;-1.1014635426;-1.3401250031;-1.2860221364
465.08714668;33.537643221;-1.1031354176;-1.3418489614;-1.287718751
465.58715436;33.568893221;-1.1046119801;-1.3433593781;-1.2891145843
466.08716204;33.609960929;-1.106157553;-1.3448697948;-1.2905690114
466.58716973;33.643151033;-1.1075937509;-1.3463437531;-1.2918710947
467.08717741;33.681354158;-1.1091953134;-1.3480468781;-1.2933893239
467.5871851;33.719205721;-1.1107031259;-1.3496328156;-1.2948255218
468.12719339;33.755846346;-1.1121041676;-1.3504895864;-1.2961979177
468.70720231;33.792031241;-1.1121562509;-1.3504895864;-1.2963072927
469.18720968;33.829687491;-1.1121627614;-1.3541848989;-1.2963151052
469.58721583;33.866979158;-1.1151940114;-1.3557317739;-1.3010221364
470.08722351;33.905143221;-1.116407553;-1.3573125031;-1.3025729177
470.5872312;33.939583325;-1.1175677093;-1.3588151073;-1.3039088552
471.08723888;33.97809895;-1.1189934905;-1.3603776073;-1.3053684906
471.58724657;34.008749991;-1.1204687509;-1.3617656281;-1.3068398447
472.08725425;34.048802075;-1.1220117197;-1.3632786489;-1.3083789072
472.58726193;34.084895825;-1.1235052093;-1.3647473989;-1.3099791677
473.08726962;34.120338533;-1.1250859384;-1.3662161489;-1.3115598968
473.5872773;34.157031241;-1.1266979176;-1.3677630239;-1.3131809906
474.08728499;34.195677075;-1.1282395843;-1.3691979198;-1.314750001
474.58729267;34.231770825;-1.1297786468;-1.3706666698;-1.316218751
475.08730035;34.266145825;-1.1314023447;-1.3721380239;-1.3178554697
475.58730804;34.306210929;-1.1327747405;-1.3736484406;-1.3193684906
476.08731572;34.347083325;-1.1344309905;-1.3752578156;-1.3210052093
476.5873234;34.376106762;-1.1359036468;-1.3766822948;-1.3224361989
477.08733109;34.415325512;-1.1375234384;-1.3781588573;-1.3241145843
477.58733877;34.45153645;-1.1390117197;-1.3796770864;-1.3256979177
478.08734646;34.485403637;-1.140485678;-1.3808463573;-1.3270221364
478.58735414;34.523932283;-1.1419921884;-1.3825781281;-1.3287708343
479.08736182;34.559765616;-1.1433346363;-1.3841145864;-1.3304322926
479.58736951;34.593828116;-1.1448489593;-1.3856979198;-1.3319765635
480.08737719;34.631783845;-1.1464986988;-1.3872447948;-1.3335429697
480.58738488;34.663854158;-1.1480833343;-1.3886041698;-1.3348268239
481.08739256;34.703932283;-1.1496380218;-1.3901458364;-1.3364361989
481.58740024;34.740221345;-1.1508789072;-1.3914869823;-1.3376015635
482.08740793;34.774479158;-1.1523906259;-1.3929583364;-1.3391236989
482.58741561;34.811666658;-1.1557708343;-1.3934062531;-1.3406028656
483.0874233;34.841562491;-1.1576250009;-1.3945807323;-1.341734376
483.58743098;34.879856762;-1.1598359384;-1.3957552114;-1.3432955739
484.08743866;34.916979158;-1.1618828134;-1.3965781281;-1.3448723968
484.58744635;34.94842447;-1.163345053;-1.3979635448;-1.3462460947
485.08745403;34.988072908;-1.1644934905;-1.3994166698;-1.3476106781
485.58746171;35.018841137;-1.1657773447;-1.4008020864;-1.3490026051
486.0874694;35.055234366;-1.1669778655;-1.4024505239;-1.350593751
486.58747708;35.091718741;-1.1683984384;-1.4041119823;-1.352078126
487.08748477;35.126263012;-1.170063803;-1.4055338573;-1.3533476572
487.58749245;35.16654947;-1.1716953134;-1.4070494823;-1.3547773447
488.08750013;35.198854158;-1.1732317718;-1.4086588573;-1.3561927093
488.58750782;35.235950512;-1.174798178;-1.4101536489;-1.3577239593
489.0875155;35.275182283;-1.1764518238;-1.4116171906;-1.3593893239
489.58752319;35.304583324;-1.1780364593;-1.4130182323;-1.3609283864
490.08753087;35.344739574;-1.1798723968;-1.4144531281;-1.3626184906
490.58753855;35.376640616;-1.1814049488;-1.4157343781;-1.3641575531
491.08754624;35.414309887;-1.183048178;-1.4171614614;-1.3658242197
491.58755392;35.447148428;-1.1846562509;-1.4185442739;-1.3673059906
492.08756161;35.482591137;-1.1863632822;-1.4200130239;-1.3687604176
492.58756929;35.520585928;-1.1878203134;-1.4214713573;-1.3703411468
493.08757697;35.55186197;-1.1894375009;-1.4229635448;-1.3718958343
493.58758466;35.592252595;-1.1909270842;-1.4243854198;-1.3733997406
494.08759234;35.626054678;-1.1920143238;-1.4258151073;-1.3749609385
494.58760002;35.662161449;-1.1934153655;-1.4272473989;-1.3764596364
495.08760771;35.700624991;-1.1949192717;-1.4287942739;-1.3779622406
495.58761539;35.728828116;-1.1963723967;-1.4303125031;-1.3794466156
496.08762308;35.770013012;-1.1978190113;-1.4318437531;-1.3809427093
496.58763076;35.79904947;-1.1989062509;-1.4331953156;-1.3823046885
497.08763844;35.838567699;-1.2000364592;-1.4346692739;-1.383640626
497.58764613;35.873658845;-1.2010377613;-1.4361250031;-1.3848984385
498.08765381;35.906510408;-1.2018203134;-1.4385000031;-1.3866484385
498.5876615;35.938242178;-1.2031601572;-1.4401484406;-1.3879036468
499.08766918;35.975703116;-1.2045533863;-1.4417187531;-1.3893203135
499.58767686;36.009661449;-1.2059179697;-1.4432421906;-1.3909817718
500.08768455;36.045312491;-1.2073111988;-1.4447447947;-1.3923268239
500.58769223;36.083411449;-1.2086510426;-1.4462161489;-1.393484376
501.08769991;36.11389322;-1.2099322926;-1.4478984406;-1.395031251
501.5877076;36.149218741;-1.2108072926;-1.4493307323;-1.3962864593
502.08771528;36.181809887;-1.211720053;-1.4508333364;-1.3976054697
502.58772297;36.220104157;-1.2129765634;-1.4522473989;-1.3990429697
503.08773065;36.251119782;-1.2137877613;-1.4536822948;-1.400562501
503.58773833;36.290520824;-1.2149622405;-1.4551328156;-1.4020859385
504.08774602;36.319882803;-1.2161171884;-1.4565130239;-1.4034140635
504.5877537;36.357682282;-1.2175807301;-1.4579557322;-1.4048072926
505.08776139;36.388619782;-1.218985678;-1.4593958364;-1.4062942718
505.58776907;36.425820303;-1.2203815113;-1.4607760448;-1.4077682301
506.08777675;36.458593741;-1.2217838551;-1.4622031281;-1.4093789072
506.58778444;36.494231761;-1.2230507822;-1.4636380239;-1.4107591155
507.08779212;36.525325512;-1.2244348967;-1.4650911489;-1.412266928
507.58779981;36.562278636;-1.2257330738;-1.4664375031;-1.4136679697
508.08780749;36.593033845;-1.2270364592;-1.4679114614;-1.4151028655
508.58781517;36.631054678;-1.2284088551;-1.4694505239;-1.4165403655
509.08782286;36.660091136;-1.2297057301;-1.4708880239;-1.4180403655
509.58783054;36.697252595;-1.2309661467;-1.4722213572;-1.4193619801
510.08783822;36.727721345;-1.2322578134;-1.4736979197;-1.4207786468
510.58784591;36.763749991;-1.2334726572;-1.4750755239;-1.4222096364
511.08785359;36.794882803;-1.2348059905;-1.4765859406;-1.4236484385
511.58786128;36.832200511;-1.2358932301;-1.4778750031;-1.4250247405
512.08786896;36.86779947;-1.2373059905;-1.4793385447;-1.4264335947
512.58787663;36.900351553;-1.2385716155;-1.4806770864;-1.4277864593
513.0878843;36.935898428;-1.2402304697;-1.4819739614;-1.4293229176
513.58789198;36.969960928;-1.2413580738;-1.4833359406;-1.4307929697
514.08789965;37.004817699;-1.2425390634;-1.4847109406;-1.4322057301
514.58790732;37.03406249;-1.2437565113;-1.4860755239;-1.4334570322
515.08791499;37.072526032;-1.2451653655;-1.4875182322;-1.4347565114
515.58792266;37.101132803;-1.2462682301;-1.4888177114;-1.4358528655
516.08793034;37.140117178;-1.2475651051;-1.4903020864;-1.4372773447
516.58793801;37.169440095;-1.2484466155;-1.4916562531;-1.4383671885
517.08794568;37.207083324;-1.249251303;-1.4930703156;-1.4397226572
517.58795335;37.235820303;-1.2502747405;-1.4944687531;-1.4409986989
518.08796103;37.267447907;-1.2515559905;-1.4958229197;-1.4420989593
518.5879687;37.305690095;-1.2528567717;-1.4972395864;-1.4430898447
519.08797637;37.337005199;-1.2540677092;-1.4985859406;-1.444453126
519.58798404;37.37389322;-1.2552617196;-1.4999244822;-1.445687501
520.08799171;37.404153636;-1.2565182301;-1.5012421906;-1.4469348968
520.58799939;37.437877595;-1.2577604176;-1.5026536489;-1.4480026051
521.08800706;37.471497386;-1.2589583342;-1.5040364614;-1.449329428
521.58801473;37.501848949;-1.2598528655;-1.5053880239;-1.4506341155
522.0880224;37.539791657;-1.2605260426;-1.5068515656;-1.452078126
522.58803008;37.569401032;-1.2617213551;-1.5082057322;-1.4531354176
523.08803775;37.600104157;-1.2624036467;-1.5095286489;-1.4542486989
523.58804542;37.635833324;-1.2632434905;-1.5109505239;-1.4554492197
524.08805309;37.663710928;-1.2641940113;-1.5123203156;-1.4568645843
524.58806076;37.69858072;-1.2652486988;-1.5134869822;-1.458546876
525.08806844;37.729778636;-1.2665429696;-1.5148125031;-1.4599492197
525.58807611;37.759648428;-1.2677591155;-1.5160625031;-1.4613085947
526.08808378;37.798294261;-1.269001303;-1.5174218781;-1.4626341155
526.58809145;37.826822907;-1.2701783863;-1.5187239614;-1.4640039072
527.08809913;37.866575511;-1.2714036467;-1.5200364614;-1.4653997405
527.5881068;37.89515624;-1.2725768238;-1.5214088572;-1.4667708343
528.08811447;37.923424469;-1.2737890634;-1.5227760447;-1.4679205739
528.58812214;37.962565094;-1.2750572926;-1.5241588572;-1.4694778655
529.08812982;37.991588532;-1.2761367196;-1.5255026072;-1.4706953134
529.58813749;38.024049469;-1.2772734384;-1.5269427114;-1.4720416676
530.08814516;38.058333324;-1.2785234384;-1.5283723989;-1.4734817718
530.58815283;38.085963532;-1.2796458342;-1.5296848989;-1.474641928
531.0881605;38.122604157;-1.2807968759;-1.5310963572;-1.4760286468
531.58816818;38.152799469;-1.2818111988;-1.5322760447;-1.4772968759
532.08817585;38.190794261;-1.2831822926;-1.5337786489;-1.4787747405
532.58818352;38.22203124;-1.284157553;-1.5350885447;-1.4801223968
533.08819119;38.250768219;-1.2852942717;-1.5364244822;-1.4814687509
533.58819886;38.283984365;-1.2864244801;-1.5377500031;-1.4827552093
534.08820654;38.317447907;-1.2875781259;-1.5390651072;-1.4841145843
534.58821421;38.346380199;-1.2887343759;-1.5404166697;-1.4853645843
535.08822188;38.378932282;-1.2898125009;-1.5417161489;-1.486516928
535.58822955;38.408554678;-1.2906171884;-1.5430234406;-1.4877929697
536.08823723;38.441197907;-1.2917760426;-1.5444010447;-1.4888684905
536.5882449;38.467447907;-1.2928489592;-1.5456666697;-1.4900963551
537.08825257;38.507630199;-1.294079428;-1.5470364614;-1.4915429697
537.58826024;38.534153636;-1.2952317717;-1.5482395864;-1.4926028655
538.08826792;38.561536448;-1.2963932301;-1.5495572947;-1.4937500009
538.58827559;38.599335928;-1.2972890634;-1.5508333364;-1.4948098968
539.08828326;38.633697907;-1.298110678;-1.5521848989;-1.4959960947
539.58829093;38.662382803;-1.2989140634;-1.5534739614;-1.4971627614
540.0882986;38.698463532;-1.3001028655;-1.5548020864;-1.4982916676
540.58830628;38.731041657;-1.301188803;-1.5561041697;-1.4995455739
541.08831395;38.759401032;-1.3022929696;-1.5574557322;-1.500813803
541.58832162;38.787643219;-1.3033346363;-1.5587083364;-1.5020611989
542.08832929;38.826002594;-1.3044817717;-1.5600052114;-1.5032304697
542.58833697;38.854010407;-1.3056471363;-1.5609661489;-1.5042721364
543.08834464;38.882929678;-1.3066940113;-1.5621328156;-1.5054257822
543.58835231;38.919778636;-1.3077695321;-1.5636223989;-1.5066380218
544.08835998;38.949570303;-1.3086054696;-1.5649401072;-1.5078489593
544.58836765;38.978151032;-1.3092369801;-1.5662369822;-1.5091328134
545.08837533;39.005520823;-1.3100559905;-1.5673072947;-1.5103789072
545.588383;39.04093749;-1.3108906259;-1.5688281281;-1.5115598968
546.08839067;39.073489573;-1.3115559905;-1.5702552114;-1.5128476572
546.58839834;39.101783844;-1.3122239592;-1.5715390656;-1.5138684905
547.08840602;39.135442698;-1.3131341155;-1.5728098989;-1.5153072926
547.58841369;39.165963532;-1.3139023446;-1.5740807322;-1.5164166676
548.08842136;39.197890615;-1.31486198;-1.5753307322;-1.5175742197
548.58842903;39.225546865;-1.3159348967;-1.5766171906;-1.5188072926
549.0884367;39.252278636;-1.3169283863;-1.5779036489;-1.5197994801
549.58844438;39.28124999;-1.3179765634;-1.5791328155;-1.5212747405
550.08845205;39.31609374;-1.3189882821;-1.5803098989;-1.5225559905
550.58845972;39.346432282;-1.3198671884;-1.5816328155;-1.5237005218
551.08846739;39.374505198;-1.320938803;-1.5829505239;-1.525001303
551.58847507;39.401419261;-1.3217721363;-1.5841145864;-1.5261562509
552.08848274;39.437747386;-1.32273698;-1.5854765656;-1.5273502613
552.58849041;39.464596344;-1.3235546884;-1.5866666697;-1.5285000009
553.08849808;39.496705719;-1.3244986988;-1.5879557322;-1.5297994801
553.58850575;39.525559886;-1.3255000009;-1.5892734405;-1.5309296884
554.08851343;39.55328124;-1.326315105;-1.590421878;-1.5320247405
554.5885211;39.582213532;-1.3273398446;-1.5916067739;-1.5332187509
555.08852877;39.616953115;-1.3282252613;-1.5929322947;-1.5343541676
555.58853644;39.645572907;-1.3290729175;-1.5941380239;-1.5354401051
556.10854442;39.67437499;-1.3299843759;-1.5954140656;-1.5365026051
556.60855209;39.703177073;-1.330752605;-1.5966536489;-1.5375143238
557.10855977;39.732148427;-1.3316523446;-1.5979270864;-1.5386770843
557.60856744;39.762773427;-1.3324648446;-1.5991822947;-1.5396119801
558.10857511;39.79078124;-1.3332539071;-1.6004036489;-1.5406328134
558.60858278;39.824830719;-1.3340377613;-1.601750003;-1.5418281259
559.10859046;39.852734365;-1.3347096363;-1.6030520864;-1.5427786468
559.60859813;39.880364573;-1.3354427092;-1.6042604197;-1.5436471363
560.1086058;39.908554677;-1.3362252613;-1.6055546905;-1.5446523447
560.60861347;39.936627594;-1.3369674488;-1.6067864614;-1.5456184905
561.10862115;39.967682281;-1.3376927092;-1.6080520864;-1.5466692718
561.60862882;39.993294261;-1.338313803;-1.6092942739;-1.5475351572
562.10863649;40.027513011;-1.338940105;-1.6105364614;-1.5485286468
562.60864416;40.053632802;-1.3394895842;-1.611765628;-1.5494140634
563.10865183;40.08109374;-1.3399322925;-1.6129895864;-1.5504609384
563.60865951;40.111432281;-1.3405520842;-1.6143255239;-1.551563803
564.10866718;40.140065094;-1.3410403655;-1.6155703155;-1.5524986988
564.60867485;40.168111969;-1.3416666675;-1.6168645864;-1.5534609384
565.10868252;40.195989573;-1.3423398446;-1.618062503;-1.5543502613
565.60869019;40.221992177;-1.3429739592;-1.6192005239;-1.5551718759
566.10869787;40.249830719;-1.3435403655;-1.6204088572;-1.5561640634
566.60870554;40.276419261;-1.3440664071;-1.621625003;-1.5571028655
567.10871321;40.303372386;-1.3445937509;-1.622921878;-1.5581875009
567.60872088;40.333776031;-1.3450455738;-1.6241171905;-1.5590755218
568.10872856;40.36234374;-1.3454205738;-1.6253151072;-1.5599908863
568.60873623;40.389791656;-1.3458893238;-1.626593753;-1.5610390634
569.1087439;40.417539052;-1.3461341155;-1.627859378;-1.5618372405
569.60875157;40.445143219;-1.3464661467;-1.6291171905;-1.5628567718
570.10875925;40.473229156;-1.3467265634;-1.6304322947;-1.5637864593
570.60876692;40.500533844;-1.346845053;-1.6315338572;-1.564641928
571.10877459;40.52734374;-1.3469882821;-1.6329010447;-1.5655065113
571.60878226;40.55406249;-1.3471223967;-1.6341302114;-1.5664036468
572.10878993;40.582265615;-1.3472864592;-1.6354921905;-1.5672942718
572.60879761;40.608164052;-1.3473502613;-1.6367213572;-1.568095053
573.10880528;40.636041656;-1.347440105;-1.6379609405;-1.5690507822
573.60881295;40.66203124;-1.3474648446;-1.6393932322;-1.5699583343
574.10882062;40.681445302;-1.3474661467;-1.6407604197;-1.5706770843
574.60882829;40.711744781;-1.347565105;-1.6420833364;-1.5717031259
575.10883597;40.736145823;-1.3476653655;-1.6433333364;-1.5725455738
575.60884364;40.75984374;-1.3477747405;-1.6446640655;-1.5734661468
576.10885131;40.788385406;-1.3478255217;-1.6459921905;-1.5742500009
576.60885898;40.81593749;-1.3478320321;-1.6472317739;-1.5750833343
577.10886666;40.843268219;-1.3478242196;-1.6485390655;-1.5759114593
577.60887433;40.869401031;-1.3477877613;-1.6498880239;-1.5767122405
578.108882;40.89532551;-1.347782553;-1.6511328155;-1.5774674488
578.60888967;40.921536448;-1.347766928;-1.6525260447;-1.5778463551
579.10889735;40.939322906;-1.3473984384;-1.6538984405;-1.5716835947
579.60890502;40.966432281;-1.3469179696;-1.6551354197;-1.5696276051
580.10891269;40.987226552;-1.346282553;-1.6563984405;-1.5689114593
580.60892036;41.007057281;-1.345877605;-1.657515628;-1.5686875009
581.10892803;41.034101552;-1.3454518238;-1.6585182322;-1.5685494801
581.60893571;41.049283844;-1.3450143238;-1.659562503;-1.5685911468
582.10894338;41.076393219;-1.3446289071;-1.660750003;-1.5686223968
582.60895105;41.101523427;-1.3441653655;-1.661890628;-1.5687395843
583.10895872;41.13015624;-1.3436640634;-1.663156253;-1.5690820322
583.6089664;41.152812489;-1.343158855;-1.664375003;-1.5693528655
584.10897407;41.171145823;-1.3426666675;-1.665468753;-1.5695807301
584.60898174;41.196223948;-1.3419830738;-1.666375003;-1.5695898447
585.10898941;41.21657551;-1.3412408863;-1.6676015655;-1.5696601572
585.60899708;41.238046864;-1.3404778655;-1.668796878;-1.5698216155
586.10900476;41.264596344;-1.3397434905;-1.670046878;-1.5699830738
586.60901243;41.280624989;-1.33904948;-1.6713411489;-1.5701536468
587.1090201;41.306901031;-1.3380598967;-1.6726484405;-1.570251303
587.60902777;41.324492177;-1.336846355;-1.6739036489;-1.5704505218
588.10903545;41.348411448;-1.3356757821;-1.6754010447;-1.5705104176
588.60904312;41.373906239;-1.3344179696;-1.6766770864;-1.5706184905
589.10905079;41.38985676;-1.3331184905;-1.677765628;-1.5707994801
589.60905846;41.413124989;-1.331704428;-1.6789817739;-1.5710611988
590.10906613;41.429101552;-1.3302161467;-1.6802473989;-1.5712161468
590.60907381;41.443958323;-1.3281315113;-1.681609378;-1.5713398447
591.10908148;41.469101552;-1.325907553;-1.6827604197;-1.5712734384
591.60908915;41.483945302;-1.3237903655;-1.684546878;-1.5709479176
592.10909682;41.49813801;-1.3209661467;-1.6861796905;-1.5700976572
592.6091045;41.511497385;-1.3172226571;-1.6878645864;-1.5691458343
593.10911217;41.510729156;-1.3117018238;-1.6898463572;-1.5673346363
593.60911984;41.472838531;-1.3004661467;-1.6927291697;-1.5650768238
594.10912751;0.9448697914;-4.5899348959;-12.945330729;-12.05703255
594.60913518;0.450690104;-7.2368867181;-14.107976562;-14.314085935
595.10914286;0.3861328124;-7.2434518223;-14.108210937;-14.313984373
595.60915053;0.4135416665;-7.2447695306;-14.108234375;-14.314165362
596.1091582;0.416549479;-7.2447083327;-14.108335937;-14.314161456
596.60916587;0.4208203123;-7.2446236973;-14.108403646;-14.31415755
597.10917355;0.4268749998;-7.244541666;-14.108463542;-14.31397656
597.60918122;0.426940104;-7.2444726556;-14.108526042;-14.314088539
598.10918889;0.4268880207;-7.2443867181;-14.108554687;-14.314087237
598.60919656;0.4276041665;-7.2443593744;-14.10859375;-14.314119789
599.10920423;0.430455729;-7.2442578119;-14.108619792;-14.314022133
599.60921191;0.4390234373;-7.2442317702;-14.108648437;-14.31372656
600.10921958;0.440221354;-7.2442161452;-14.108669271;-14.31385156
600.60922725;0.4402604165;-7.2442109369;-14.10871875;-14.313962237
601.10923492;0.4402604165;-7.2441757806;-14.108736979;-14.314022133
601.6092426;0.4402734373;-7.244151041;-14.108768229;-14.3138763
602.10925027;0.4403124998;-7.2440950515;-14.108760417;-14.313989581
602.60925794;0.4402343748;-7.2440963535;-14.108789062;-14.314048175
603.10926561;0.4402343748;-7.2440286452;-14.108794271;-14.313928383
603.60927329;0.4402734373;-7.2440338535;-14.108830729;-14.313967446
604.10928096;0.4406249998;-7.2439856765;-14.108835937;-14.313999998
604.60928863;0.4416145832;-7.2439570306;-14.108851562;-14.313972654
605.1092963;0.4429296873;-7.2439218744;-14.108859375;-14.31391406
605.60930397;0.4480078123;-7.2439153639;-14.108877604;-14.313964841
606.10931165;0.4484635415;-7.2438984369;-14.108872396;-14.313942706
606.60931932;0.4487630207;-7.2438802077;-14.108903646;-14.314041664
607.10932699;0.4518880207;-7.243760416;-14.108880208;-14.313842446
607.60933466;0.4514973957;-7.243791666;-14.108893229;-14.313998696
608.10934233;0.4521874998;-7.2437825514;-14.108893229;-14.313888018
608.60935001;0.453268229;-7.2437304681;-14.108919271;-14.313988279
609.10935768;0.4540885415;-7.243729166;-14.108901042;-14.31397656
609.60936535;0.4534374998;-7.2436861973;-14.108911458;-14.313838539
610.10937302;0.454596354;-7.2436705723;-14.108921875;-14.31385156
