0.6000092188;0.7144921873;4.335911071E-04;-2.838574873E-04;-1.276043469E-03
1.1000169013;0.7144661456;4.609348543E-04;-2.76044986E-04;-1.257814299E-03
1.5800242764;0.7144791664;4.830702673E-04;-2.812533202E-04;-1.247397631E-03
2.0800319588;0.7144661456;5.156223487E-04;-2.838574873E-04;-1.378908047E-03
2.5800396413;0.7144270831;5.598931893E-04;-2.708366519E-04;-1.380210131E-03
3.0800473237;0.7144270831;5.664035998E-04;-2.786491531E-04;-1.010418469E-03
3.5800550061;0.7143880206;5.572890222E-04;-2.76044986E-04;-1.018230963E-03
4.0800626885;0.7143880206;5.442681867E-04;-2.786491531E-04;-1.027345548E-03
4.5800703709;0.7143880206;5.182265158E-04;-2.578158164E-04;-1.013022629E-03
5.0800780534;0.7143359373;5.468723538E-04;-2.708366519E-04;-1.022137214E-03
5.5800857358;0.7143749998;5.286431842E-04;-2.500033151E-04;-1.007814302E-03
6.0800934182;0.7143880206;5.794244352E-04;-2.343783271E-04;-1.332033047E-03
6.5801011006;0.7143749998;5.312473513E-04;-2.343783271E-04;-1.044272634E-03
7.080108783;0.7143619789;5.507785972E-04;-2.47399148E-04;-1.036460133E-03
7.5801164655;0.7143749998;5.533827643E-04;-2.343783271E-04;-1.035158049E-03
8.0801241479;0.7143619789;4.75257766E-04;-2.369824942E-04;-1.041668467E-03
8.5801318303;0.7143619789;4.335911071E-04;-2.109408233E-04;-1.049480968E-03
9.0801395127;0.7142968748;4.557265201E-04;-2.083366562E-04;-1.04297055E-03
9.5801471952;0.7143359373;4.726535989E-04;-2.291699929E-04;-1.052085135E-03
10.080154878;0.7143619789;3.945286007E-04;-2.291699929E-04;-1.057293462E-03
10.58016256;0.7142968748;3.619765193E-04;-2.135449904E-04;-1.029949715E-03
11.080170242;0.7143489581;3.749973548E-04;-2.213574916E-04;-1.041668467E-03
11.580177925;0.7142708331;3.528619417E-04;-1.953158207E-04;-1.031251798E-03
12.080185607;0.7469270831;2.486952726E-04;-2.500033151E-04;-9.283872132E-04
12.58019329;0.8189973956;1.575494388E-04;-3.697949869E-04;-4.375017961E-04
13.080200972;0.8823697914;-1.523464015E-04;-4.270866484E-04;1.367169534E-04
13.580208655;0.9469531247;-3.98440141E-04;-7.708366465E-04;6.315086138E-04
14.080216337;1.0130468747;-7.265651511E-04;-1.000003321E-03;1.02864403E-03
14.580224019;1.0794791664;-9.309922315E-04;-1.210940827E-03;1.888019032E-03
15.080231702;1.1423828122;-1.123700567E-03;-1.434899153E-03;2.315102363E-03
15.580239384;1.208098958;-1.244794315E-03;-1.640628324E-03;2.977862779E-03
16.080247067;1.2744921872;-1.428388059E-03;-1.893232489E-03;3.433591948E-03
16.580254749;1.339036458;-1.805992229E-03;-2.601565822E-03;4.161456534E-03
17.080262431;1.4105598955;-1.803388062E-03;-2.36458666E-03;4.760414864E-03
17.580270114;1.4762499996;-1.941408903E-03;-2.533857492E-03;5.152341946E-03
18.080277796;1.5357031246;-2.157554728E-03;-2.776044988E-03;5.765623202E-03
18.580285479;1.6030729163;-2.23307556E-03;-3.018232484E-03;6.343748202E-03
19.080293161;1.6634374996;-2.373700568E-03;-3.276044983E-03;6.898435698E-03
19.580300844;1.7241536454;-2.425783895E-03;-3.294274152E-03;7.335935697E-03
20.080308526;1.798398437;-2.785158896E-03;-3.671878323E-03;7.927081533E-03
20.580316208;1.8574999995;-3.000002645E-03;-3.888024148E-03;8.535154447E-03
21.080323891;1.9213802078;-3.118492226E-03;-4.114586656E-03;9.199216947E-03
21.580331573;1.984882812;-3.352867235E-03;-4.328128314E-03;9.83984195E-03
22.080339256;2.0494661453;-3.691408899E-03;-4.549482488E-03;0.0104218732
22.580346938;2.1139062495;-3.98307557E-03;-4.76823248E-03;0.0110429669
23.080354621;2.1782291661;-4.294273472E-03;-4.96614915E-03;0.0117486961
23.580362303;2.2455338536;-4.532554725E-03;-5.018232492E-03;0.012247394
24.080369985;2.3050260411;-4.692710979E-03;-5.351565821E-03;0.0133085919
24.580377668;2.3724088536;-4.916669306E-03;-5.403649149E-03;0.0143645815
25.08038535;2.434479166;-5.14453389E-03;-5.552086659E-03;0.0153515606
25.580393033;2.4994921869;-5.365888064E-03;-5.908857492E-03;0.0160677065
26.080400715;2.5650911452;-5.600263059E-03;-6.161461657E-03;0.0169010398
26.580408397;2.6284765618;-5.756513055E-03;-6.213544984E-03;0.0178164044
27.08041608;2.6989192701;-6.062502652E-03;-6.507815822E-03;0.0189140607
27.580423762;2.7620182285;-6.358075566E-03;-6.752607485E-03;0.0198385398
28.080431445;2.8288802076;-6.684898486E-03;-6.958336656E-03;0.0207434877
28.580439127;2.8950911451;-7.057294307E-03;-7.135419989E-03;0.0219791648
29.08044681;2.9594921867;-7.384117227E-03;-7.330732478E-03;0.0229791648
29.580454492;3.0278255201;-7.6914089E-03;-7.500003324E-03;0.0240117169
30.080462174;3.0911718742;-8.046877643E-03;-7.64844082E-03;0.0250169252
30.580469857;3.1553645825;-8.399742233E-03;-7.856774158E-03;0.0261679669
31.080477539;3.2228906242;-8.807294318E-03;-8.00781582E-03;0.0272682273
31.580485222;3.2863802075;-9.109377642E-03;-8.187503321E-03;0.0282356752
32.080492904;3.3537760408;-9.507815149E-03;-8.372399155E-03;0.029388019
32.580500587;3.4130989575;-9.865888059E-03;-8.541669987E-03;0.030450519
33.080508269;3.4775390616;-0.0104140651;-8.635419988E-03;0.0321562481
33.580515951;3.5471744783;-0.0108398463;-8.835940825E-03;0.0335247377
34.080523634;3.6109114574;-0.0112630234;-9.023440812E-03;0.0347838523
34.580531316;3.6767317699;-0.0116054714;-9.216149148E-03;0.0362265606
35.080538999;3.7407291657;-0.0120104193;-9.411461651E-03;0.0377291648
35.580546681;3.8077473949;-0.0124700547;-9.625003323E-03;0.0386171856
36.080554364;3.8742838532;-0.0128958359;-9.843753316E-03;0.039934894
36.580562046;3.934921874;-0.0132421901;-0.0100677116;0.0414427065
37.080569728;4.0017447906;-0.0138437526;-0.0102005241;0.043247394
37.580577411;4.064296874;-0.0143281276;-0.0103177116;0.0450143211
38.080585093;4.1278255198;-0.0148580755;-0.0104869824;0.0467330711
38.580592776;4.1924999989;-0.0153333359;-0.0106614616;0.0484114565
39.080600458;4.2532682281;-0.0157578151;-0.0108385449;0.0498450502
39.58060814;4.3186979156;-0.016397138;-0.0110000033;0.0514622377
40.080615823;4.3797395822;-0.016772138;-0.0113046908;0.0532226544
40.580623505;4.4413671864;-0.0173242213;-0.0113567741;0.0553906231
41.080631188;4.5069531238;-0.0178932318;-0.0113645866;0.0575312481
41.58063887;4.5654427072;-0.0187174505;-0.0113854199;0.0596276023
42.080646553;4.6304947905;-0.0192526068;-0.0115000033;0.0615429669
42.580654235;4.689752603;-0.0198671901;-0.0115911491;0.063481769
43.080661917;4.7519921863;-0.0205976588;-0.0117057324;0.0653971336
43.5806696;4.8131380196;-0.0211302109;-0.0118229199;0.0675677065
44.080677282;4.8756510404;-0.0216718776;-0.0119505241;0.0697890606
44.580684965;4.9344010404;-0.0222604193;-0.0120520866;0.0719283836
45.080692647;4.9940364571;-0.0227604193;-0.0121588574;0.0745481752
45.58070033;5.0544921862;-0.0234492213;-0.0121588574;0.0767721335
46.080708012;5.1130859362;-0.0240403672;-0.0122656283;0.0787539044
46.580715694;5.1741666653;-0.0246354193;-0.0123750033;0.0806184877
47.080723377;5.2328385403;-0.025100263;-0.0125625033;0.0823749981
47.580731059;5.2968098945;-0.0257460963;-0.0127812533;0.0845690086
48.080738742;5.3588541653;-0.0264726588;-0.0130364616;0.0868671856
48.580746424;5.4158984361;-0.0267890651;-0.0133307324;0.0894075502
49.080754106;5.4726692694;-0.0272773463;-0.0136614616;0.0921002586
49.580761789;5.5365885402;-0.027865888;-0.0139453158;0.0947070294
50.080769471;5.5919270819;-0.0284869818;-0.0141953158;0.0968710919
50.580777154;5.6516927069;-0.0290390651;-0.0144296908;0.0991145815
51.080784836;5.712148436;-0.0296966172;-0.0146119824;0.1012669252
51.580792519;5.7706770819;-0.0302578151;-0.0148072949;0.1035247377
52.080800201;5.8277343735;-0.0309531276;-0.0149921908;0.1055989565
52.580807883;5.8872786443;-0.0316679713;-0.0151822949;0.1077499981
53.080815566;5.9432552068;-0.0323489609;-0.0153567741;0.1102604148
53.580823248;6.0028645818;-0.0330026068;-0.0155546908;0.1124544252
54.080830931;6.0585937485;-0.0336901068;-0.0157135449;0.1144596335
54.580838613;6.1151302068;-0.0342070339;-0.0158177116;0.116591144
55.080846296;6.1698567693;-0.0363046901;-0.0156927116;0.1197994773
55.580853978;6.2295182276;-0.0370078151;-0.0157239616;0.1225481752
56.08086166;6.2879817692;-0.0376966172;-0.0158854199;0.1247395815
56.580869343;6.3405989567;-0.0382213568;-0.0161718783;0.1270872377
57.080877025;6.3994401025;-0.0391575547;-0.0165130241;0.1294075502
57.580884708;6.455416665;-0.0398385443;-0.0166927116;0.1315638002
58.08089239;6.5108333317;-0.0403841172;-0.0169557324;0.1338033835
58.580900072;6.5638802067;-0.0411966172;-0.0171744824;0.1360078106
59.080907755;6.6198567691;-0.0419479193;-0.0174114616;0.1382825502
59.580915437;6.6753124983;-0.0426184922;-0.0176484408;0.1408242169
60.08092312;6.7279687483;-0.0434231797;-0.0178906283;0.1440729148
60.580930802;6.7810807274;-0.0439934922;-0.0183281283;0.1475117169
61.080938485;6.8348567691;-0.0445299505;-0.0185807324;0.1501315085
61.580946167;6.8863151024;-0.0453671901;-0.0187812533;0.1525364564
62.080953849;6.9392708316;-0.0461210963;-0.0190468783;0.1550104148
62.580961532;6.9904296857;-0.0468606797;-0.0192291699;0.1572031231
63.080969214;7.0425520815;-0.0478710963;-0.0194010449;0.1598776023
63.580976897;7.0974088524;-0.0486210963;-0.0196093783;0.1623671856
64.080984579;7.151263019;-0.0499609401;-0.0195755241;0.1654166648
64.58099226;7.2014453107;-0.0518046901;-0.0190364616;0.1690677064
65.101000248;7.2571614565;-0.0529492213;-0.0190260449;0.1724570294
65.601007929;7.306419269;-0.0534934922;-0.0193229199;0.1751171856
66.10101561;7.3617968731;-0.0543945338;-0.0196692741;0.1776171856
66.601023291;7.4124609356;-0.0552708359;-0.0199375033;0.1798697898
67.101030972;7.4665755189;-0.0562786484;-0.0201953158;0.1821067689
67.601038653;7.5144791647;-0.0571757838;-0.0204687533;0.1843177064
68.101046334;7.5653645814;-0.0581653672;-0.0207421908;0.1867395814
68.601054015;7.6168880189;-0.0593619818;-0.0208906283;0.1889179669
69.101061696;7.6612630189;-0.0605989609;-0.0210651074;0.1913476544
69.601069377;7.7126692689;-0.0616875026;-0.0214088574;0.1936848939
70.101077058;7.7609505189;-0.0627760443;-0.0218072949;0.1966341127
70.601084739;7.8085677063;-0.0639648463;-0.0221354199;0.1999140606
71.10109242;7.8571484355;-0.0652148463;-0.0224010449;0.2029843731
71.601100101;7.9043880188;-0.0659557318;-0.0226458366;0.2057669252
72.101107781;7.9520963521;-0.0668554713;-0.0229036491;0.2081809877
72.601115462;8.0007291646;-0.0678307318;-0.0231276074;0.2106822898
73.101123143;8.0468229146;-0.0689322942;-0.0233281283;0.2130533835
73.601130824;8.0974609354;-0.069756513;-0.0235598991;0.2153723939
74.101138505;8.1448828104;-0.0707070338;-0.0238906283;0.2176106752
74.601146186;8.1944270812;-0.0717552109;-0.0243359408;0.2202005189
75.101153867;8.2389843729;-0.0725325547;-0.0248645866;0.2229609356
75.601161548;8.2873177062;-0.0736549505;-0.0252604199;0.2255690085
76.101169229;8.3314322895;-0.0748697942;-0.0256588574;0.2279296856
76.60117691;8.3797656229;-0.0760273463;-0.0260078158;0.2301223939
77.101184591;8.4276692687;-0.0774557317;-0.0262708366;0.2325624981
77.601192272;8.469049477;-0.0788528672;-0.0264765658;0.2351575502
78.101199953;8.5173567687;-0.0802890651;-0.0267656283;0.2379153627
78.601207634;8.5595442686;-0.0815507838;-0.0271510449;0.240545571
79.101215315;8.5774218728;-0.0824882838;-0.0275468783;0.2431562481
79.601222996;8.589440102;-0.0832057317;-0.0278828158;0.2459960918
80.101230677;8.6473437478;-0.0844648463;-0.0283307324;0.2483658835
80.601238358;8.7055078103;-0.085678388;-0.0287291699;0.2504817689
81.101246039;8.7636588519;-0.0871171901;-0.0291145866;0.2525690085
81.60125372;8.8148437478;-0.0884557317;-0.0294791699;0.2546979148
82.101261401;8.8672526019;-0.0900156276;-0.0299348991;0.2570989564
82.601269082;8.6435677061;-0.0893906276;-0.0298385449;0.2612265606
83.101276763;8.7336458311;-0.0902057317;-0.0304505241;0.2635937481
83.601284444;8.8168229144;-0.0908867213;-0.0309453158;0.2655078106
84.101292125;8.8910026019;-0.0918828151;-0.0314765658;0.2679140606
84.601299806;8.954036456;-0.0928828151;-0.0319921908;0.270217446
85.101307487;9.0146744769;-0.0942539088;-0.0324973991;0.2724648418
85.601315168;9.0678906227;-0.0961979192;-0.0330234408;0.275014321
86.101322849;9.1235156227;-0.097865888;-0.0335312533;0.2772929668
86.60133053;9.1733984352;-0.0989088567;-0.0341302116;0.2793619772
87.10133821;9.2307421851;-0.0997955755;-0.0347786491;0.2817291648
87.601345891;9.2784765601;-0.1009335963;-0.0352630241;0.283811196
88.101353572;9.0890885393;-0.100490888;-0.0354114616;0.2860624981
88.601361253;9.1761197893;-0.1011250026;-0.0360911491;0.2884218731
89.101368934;9.2518098935;-0.1020416692;-0.0368645866;0.2907434877
89.601376615;9.320364581;-0.103006513;-0.0378645866;0.2931523418
90.101384296;9.3870052059;-0.1038997422;-0.0390390658;0.2955885397
90.601391977;9.4398567684;-0.1051484401;-0.0399244824;0.2979010397
91.101399658;9.4961848934;-0.106459638;-0.0408255241;0.300045571
91.601407339;9.5441145809;-0.1077981797;-0.0414973991;0.3023958314
92.10141502;9.5937760392;-0.1093606797;-0.0424296908;0.3051653627
92.601422701;9.3793229143;-0.1088307317;-0.0426380241;0.3084166647
93.101430382;9.4670963517;-0.1098307317;-0.0434479199;0.3108085918
93.601438063;9.5471744767;-0.1114843776;-0.0439947949;0.3135273418
94.101445744;9.6172005184;-0.1136536484;-0.0444244824;0.3165481752
94.601453425;9.6784244767;-0.1151015651;-0.0454375033;0.3193763002
95.101461106;9.7396223933;-0.1169531276;-0.0460156283;0.3221888002
95.601468787;9.7907682267;-0.1185585963;-0.0470000033;0.3247343731
96.101476468;9.8478255183;-0.1198567734;-0.0477734408;0.3269921856
96.601484149;9.8944270808;-0.1210729192;-0.0484375033;0.3291679668
97.10149183;9.8641145808;-0.1219453151;-0.0493177116;0.3317669252
97.601499511;9.1600781227;-0.1162447942;-0.0481119824;0.327967446
98.101507192;9.274583331;-0.1168632838;-0.0486953158;0.3288151022
98.601514873;9.3794140601;-0.1175234401;-0.0491770866;0.3297356752
99.101522554;9.4786328101;-0.1183450547;-0.0497682324;0.3306380189
99.601530235;9.5739453101;-0.1190729192;-0.0504479199;0.331701821
100.10153792;9.6641406225;-0.1195833359;-0.0511744824;0.3329505189
100.6015456;9.7490364558;-0.1202018255;-0.0518984408;0.334061196
101.10155328;9.8336718725;-0.1208372422;-0.0527786491;0.3355572897
101.60156096;9.2593749976;-0.1176588567;-0.0514062533;0.3327317689
102.10156864;9.1658854143;-0.115975263;-0.0520807324;0.331654946
102.60157632;9.2739192685;-0.1165716172;-0.0525286491;0.3326171856
103.101584;9.3828124976;-0.117194013;-0.0530937533;0.333529946
103.60159168;9.4801562476;-0.1177695338;-0.0536119824;0.3345169252
104.10159936;9.5778255184;-0.1184466172;-0.0541848991;0.3356210918
104.60160704;9.6686067684;-0.1192460963;-0.0548593783;0.3366783835
105.10161473;9.7588411433;-0.1197421901;-0.0555989616;0.337795571
105.60162241;9.83894531;-0.1202513047;-0.0563958366;0.338904946
106.10163009;9.194036456;-0.1155820338;-0.0550520866;0.3349856752
106.60163777;9.3035416643;-0.1161757838;-0.0554218783;0.3360026022
107.10164545;9.4138671851;-0.116850263;-0.0560468783;0.3370820293
107.60165313;9.5117968726;-0.1173997422;-0.0565989616;0.3380234356
108.10166081;9.6115755184;-0.1179479192;-0.0572734408;0.3390078106
108.60166849;9.7047786434;-0.1185729192;-0.0580755241;0.3400872377
109.10167617;9.7971744767;-0.1192057317;-0.0589088574;0.3412513002
109.60168385;9.8783072891;-0.1196888047;-0.0598098991;0.3424101543
110.10169154;9.9527213516;-0.1202460963;-0.0607890658;0.3438320293
110.60169922;9.3516536434;-0.1157487005;-0.0592734408;0.3407291647
111.1017069;9.4652343726;-0.1163619817;-0.0599218783;0.3417109356
111.60171458;9.5661588517;-0.1169518255;-0.0606067741;0.3426197897
112.10172226;9.6690624975;-0.1175520859;-0.0613177116;0.3436992168
112.60172994;9.7632682267;-0.1180833359;-0.0620859408;0.3447187481
113.10173762;9.8527864558;-0.1186575547;-0.0630234408;0.3458502585
113.6017453;9.939335935;-0.1191562526;-0.0641015658;0.347029946
114.10175298;10.015898435;-0.1196132838;-0.0653541699;0.3483124981
114.60176066;10.081731768;-0.1199934922;-0.0672057324;0.3503658835
115.10176834;10.139921872;-0.1205325547;-0.0688385449;0.3527864564
115.60177603;9.5320182267;-0.1162265651;-0.0674973991;0.3503502585
116.10178371;9.6432031225;-0.1167213567;-0.0681406283;0.3511796856
116.60179139;9.7405468725;-0.1173632838;-0.0688750033;0.3526054668
117.10179907;9.8430208308;-0.1180390651;-0.0697994824;0.3538867168
117.60180675;9.9327343725;-0.118569013;-0.0708515658;0.3552317689
118.10181443;10.019609372;-0.1189869817;-0.0721822949;0.3569414043
118.60182211;10.100013018;-0.1196237005;-0.0737005241;0.3585742168
119.10182979;10.173489581;-0.1202617213;-0.0757213574;0.3606210918
119.60183747;10.237552081;-0.1209010442;-0.0776953158;0.3625234356
120.10184515;10.298906247;-0.121850263;-0.0794062533;0.3645885397
120.60185284;9.7852473933;-0.1186796901;-0.0784270866;0.3641614564
121.10186052;9.8955338516;-0.1192942734;-0.0791328157;0.3650690085
121.6018682;9.9925130183;-0.1196979192;-0.0800416699;0.3660507793
122.10187588;10.090572914;-0.1201757838;-0.0811458366;0.3672317689
122.60188356;10.17785156;-0.1206171901;-0.0823255241;0.3684570293
123.10189124;10.261653643;-0.121194013;-0.0836796908;0.3697513001
123.60189892;10.336328122;-0.1219205755;-0.0850442741;0.3710442689
124.1019066;10.406119789;-0.1226848984;-0.0864583366;0.3724921856
124.60191428;10.464505206;-0.123615888;-0.0879375033;0.3734869772
125.10192196;10.523932289;-0.1246953151;-0.0894609408;0.3747395814
125.60192965;10.171510414;-0.1228958359;-0.0890781282;0.3736302064
126.10193733;9.9772395808;-0.1213919297;-0.0888541699;0.3745260397
126.60194501;10.075403643;-0.1222643255;-0.0894609408;0.3752031231
127.10195269;10.181093747;-0.1228945338;-0.0902265657;0.3757734356
127.60196037;10.271575518;-0.1234140651;-0.0910130241;0.3766328106
128.10196805;10.359999997;-0.1243372422;-0.0918828158;0.3773450501
128.60197573;10.445677081;-0.1252630234;-0.0928906282;0.3783059876
129.10198342;10.524856768;-0.1260976588;-0.0939609407;0.3792213522
129.6019911;10.599999997;-0.1270833359;-0.0951302116;0.3800859356
130.10199879;10.667617185;-0.1283112005;-0.0964375032;0.3809218731
130.60200647;10.722604164;-0.1293476588;-0.0977968783;0.3815026022
131.10201415;10.102981768;-0.1251862005;-0.0958020866;0.3795468731
131.60202184;10.202682289;-0.1257643255;-0.0962786491;0.3799296856
132.10202952;10.299140622;-0.1263372422;-0.0965911491;0.3800169251
132.60203721;10.392005206;-0.1269335963;-0.0973333366;0.3804700501
133.10204489;10.483515622;-0.1276744817;-0.0983255241;0.3811263001
133.60205257;10.574388018;-0.1283841172;-0.0993307324;0.3816249981
134.10206026;10.656627601;-0.129303388;-0.1004427116;0.3822630189
134.60206794;10.729427081;-0.1306875026;-0.1015104199;0.3828932272
135.10207562;10.798411456;-0.1319635442;-0.1027682324;0.3834453106
135.60208331;10.854244789;-0.1332356796;-0.1040807324;0.3841471335
136.1220913;10.256861977;-0.1299427109;-0.1022265658;0.3815377585
136.60209868;10.151575518;-0.1289010442;-0.1019244824;0.3846263001
137.10210636;10.261783852;-0.129709638;-0.1025937533;0.3849921856
137.60211404;10.358463539;-0.1303684922;-0.1032265658;0.3855624981
138.10212173;10.460130206;-0.1310794297;-0.1039635449;0.386139321
138.60212941;10.558984372;-0.1318046901;-0.1047994824;0.3869283835
139.1021371;10.649309893;-0.1325898463;-0.1057552116;0.3881718731
139.60214478;10.73738281;-0.1335989609;-0.1068255241;0.3892734356
140.10215246;10.820286456;-0.1345234401;-0.1080416699;0.390217446
140.60216015;10.396249997;-0.1317148463;-0.1073723991;0.3889752585
141.10216783;10.48488281;-0.1321744817;-0.1079895866;0.3899570293
141.60217552;10.586145831;-0.1327747422;-0.1087135449;0.3905208314
142.1021832;10.685286456;-0.1335052109;-0.1097395866;0.3911848939
142.60219088;10.775312497;-0.1341510442;-0.1107890657;0.391889321
143.10219857;10.86113281;-0.135334638;-0.1120000033;0.3928398418
143.60220625;10.935078122;-0.1363125026;-0.1132395866;0.3937213522
144.10221393;11.006471351;-0.137444013;-0.1147135449;0.3942786439
144.60222162;11.071184893;-0.1385052109;-0.1161692741;0.3948437481
145.1022293;11.126536455;-0.1398216171;-0.1177604199;0.3953984356
145.60223699;11.17848958;-0.1412018255;-0.1193255241;0.3965338522
146.10224467;11.234869789;-0.1426679713;-0.1220963574;0.3958749981
146.60225235;11.280807289;-0.1442447942;-0.1245156282;0.3955976543
147.10226004;10.997812497;-0.1436354192;-0.1254270866;0.3951054668
147.60226772;10.930143226;-0.1427773463;-0.1263072949;0.3968098939
148.10227541;11.02972656;-0.1432890651;-0.1277135449;0.3978320293
148.60228309;11.117669268;-0.1439921901;-0.1294505241;0.3985716126
149.10229077;11.19927083;-0.1446875026;-0.1315338574;0.3989804668
149.60229846;11.276536455;-0.1453359401;-0.1338541699;0.3989622376
150.10230614;11.343697914;-0.1462330755;-0.1364947949;0.3989374981
150.60231382;11.400716143;-0.1465299505;-0.1394843782;0.3986848939
151.10232151;11.46552083;-0.1470664088;-0.1430833366;0.3984765606
151.60232919;11.510755205;-0.1473138047;-0.1469973991;0.3974075501
152.10233688;11.55535156;-0.1468255234;-0.1542578157;0.3935664043
152.60234456;11.597291664;-0.1465078151;-0.1615520866;0.3898710918
153.10235224;11.637890622;-0.1489869817;-0.1665078157;0.3857682272
153.60235993;11.685794268;-0.1500781276;-0.1708932324;0.3838020814
154.10236761;11.731002601;-0.1514687526;-0.1743723991;0.3827747376
154.6023753;11.378867185;-0.1496692734;-0.1755651074;0.3833151022
155.12238329;11.465624997;-0.1498372421;-0.1772656282;0.3844752585
155.60239066;11.552447914;-0.150615888;-0.1791354199;0.3849492168
156.10239835;11.637799476;-0.1514322942;-0.1812317741;0.3851744772
156.60240603;11.707447914;-0.1518632838;-0.1833776074;0.384983071
157.10241372;11.779296872;-0.1524570338;-0.1858541699;0.384748696
157.6024214;11.836236976;-0.1532994817;-0.1882734407;0.3843098939
158.10242908;11.891549476;-0.154240888;-0.1914869824;0.3825598939
158.60243677;11.935755205;-0.1549401067;-0.1955598991;0.3803281231
159.10244445;11.979687497;-0.154428388;-0.2020312532;0.3755677064
159.60245213;12.030026039;-0.1545612005;-0.2063671907;0.373045571
160.10245982;12.074153643;-0.1551054713;-0.2096145865;0.3716601543
160.6024675;12.118085934;-0.1561848984;-0.2124062532;0.3707916647
161.10247519;12.164830726;-0.1573059921;-0.2147500032;0.3700273418
161.60248287;11.856692705;-0.1549778671;-0.2140703157;0.3693997376
162.10249055;11.90395833;-0.1552174505;-0.2144817741;0.3704244772
162.60249824;11.986197914;-0.1558059922;-0.2157135449;0.3703203106
163.10250592;12.062135414;-0.1567825547;-0.2172786491;0.3701510397
163.60251361;12.134947914;-0.1578632838;-0.2189088574;0.3694778626
164.10252129;12.197851559;-0.1593997421;-0.2208463574;0.3682838522
164.60252897;12.255013018;-0.1610559921;-0.2227734407;0.3667070293
165.10253666;12.309518226;-0.1630963567;-0.2251328157;0.363920571
165.60254434;12.357148434;-0.1643945338;-0.2274140657;0.3611458314
166.12255233;12.404726559;-0.1660208359;-0.2297005241;0.3590898418
166.60255971;12.451835934;-0.1675559921;-0.232044274;0.3574661439
167.10256739;12.497734372;-0.1680976588;-0.2359192741;0.3552656231
167.60257508;12.539049476;-0.1689309921;-0.2388385449;0.3531341126
168.10258276;12.580572913;-0.1703085963;-0.2415911491;0.3512708314
168.60259044;12.320585934;-0.1699882838;-0.2411406282;0.3520208314
169.10259813;12.402005205;-0.1714088567;-0.2424869824;0.352529946
169.60260581;12.480872393;-0.1732604192;-0.2440807324;0.3515911439
170.1026135;12.548450518;-0.1752994817;-0.2458385449;0.3501158835
170.60262118;12.606289059;-0.1776888046;-0.2474713574;0.348592446
171.10262886;12.660104163;-0.1817213567;-0.2478203157;0.3452499981
171.60263655;12.703841143;-0.1846093776;-0.2485364615;0.3428124981
172.10264423;12.758450518;-0.187164065;-0.2495572949;0.3408229147
172.60265192;12.801132809;-0.1894869817;-0.2505859407;0.3385052064
173.12265991;12.844921872;-0.1910820338;-0.2513229199;0.3356093731
173.60266728;12.889765622;-0.1927812526;-0.252794274;0.3333098939
174.10267497;12.931679684;-0.1949010442;-0.2543177115;0.3313971335
174.60268265;12.968450518;-0.197820315;-0.2556979199;0.3286249981
175.10269033;13.006953122;-0.1999583359;-0.2571953157;0.3261914043
175.60269802;12.767695309;-0.1986393255;-0.256778649;0.3283919252
176.1027057;12.850794268;-0.1994960963;-0.2581302115;0.3286718731
176.60271339;12.920611976;-0.2005403671;-0.259544274;0.3278098939
177.10272107;12.988710934;-0.2016809921;-0.261153649;0.3265208314
177.60272875;13.043893226;-0.2033906275;-0.2627369824;0.325342446
178.10273644;13.098046872;-0.2056393255;-0.2645494824;0.3237278627
178.60274412;13.14348958;-0.2080807317;-0.2664479199;0.3211757793
179.10275181;13.18114583;-0.2111562526;-0.2707812532;0.3169088522
179.60275949;13.213346351;-0.214851565;-0.2750963574;0.3094505189
180.10276717;13.246536455;-0.2167682317;-0.2836250032;0.2985416647
180.60277486;13.289557288;-0.2194114609;-0.2862265657;0.2948723939
181.10278254;13.330651038;-0.2229322942;-0.2879609407;0.2916145814
181.60279023;13.361484372;-0.227414065;-0.2890989615;0.2881054668
182.10279791;13.401744788;-0.2319843775;-0.2911302115;0.2832656231
182.60280559;13.442161455;-0.2345625025;-0.2933541699;0.2814999981
183.10281328;13.159661455;-0.2329505234;-0.2930364615;0.2835416647
183.60282096;13.234687497;-0.2337591171;-0.2942265657;0.2834348939
184.10282864;13.31427083;-0.2349010442;-0.2956171907;0.2825104147
184.60283633;13.384622392;-0.2363255234;-0.2971250032;0.281498696
185.10284401;13.446914059;-0.2379973984;-0.298903649;0.2797695293
185.6028517;13.502513017;-0.2396862005;-0.3005546907;0.2778554668
186.10285938;13.55786458;-0.2415312525;-0.302216149;0.2759583314
186.60286706;13.604557288;-0.243240888;-0.303731774;0.2739127585
187.10287475;13.650755205;-0.2455013046;-0.3052760449;0.2717578106
187.60288243;13.697213538;-0.2471106796;-0.3067291699;0.269733071
188.10289012;13.743346351;-0.2490182317;-0.3081744824;0.2678190085
188.6028978;13.77411458;-0.2504726588;-0.3092760449;0.2661471335
189.10290548;13.545950517;-0.2498802109;-0.3086093782;0.2705403627
189.60291317;13.617044267;-0.2508802109;-0.3096406282;0.2705416648
190.10292085;13.68661458;-0.2523072942;-0.3108984407;0.2701979148
190.60292854;13.747473955;-0.254006513;-0.3121197949;0.2696692689
191.10293622;13.807526038;-0.2559739609;-0.3134609407;0.2683789043
191.5829436;13.856367184;-0.257881513;-0.314747399;0.2672682273
192.08295128;13.906354163;-0.259928388;-0.3161302115;0.2657825502
192.58295896;13.955455726;-0.2616419296;-0.3175234407;0.2641145814
193.08296665;13.999127601;-0.2637877629;-0.3189010449;0.2621614564
193.58297433;14.041171871;-0.2662695338;-0.3208307324;0.2585169252
194.08298201;14.076979163;-0.2683776067;-0.3226015657;0.2568007793
194.5829897;14.105507809;-0.2785286484;-0.3203020865;0.256670571
195.08299738;14.125325517;-0.2851380234;-0.3200546907;0.2539843731
195.58300507;13.870156246;-0.28405469;-0.3193854199;0.2555364564
196.08301275;13.931341142;-0.2851289088;-0.3204453157;0.2554270814
196.58302043;14.004687496;-0.2868151067;-0.321388024;0.2541992168
197.08302812;14.080624996;-0.2882187525;-0.3229765657;0.2530182273
197.5830358;14.138294267;-0.2902174504;-0.3246588574;0.2515950502
198.08304349;14.19395833;-0.2920481796;-0.326638024;0.249014321
198.58305117;14.244414059;-0.2937239609;-0.328966149;0.246233071
199.08305885;14.290559892;-0.2955716171;-0.3312187532;0.2428971335
199.58306654;14.338619788;-0.2973697942;-0.3336588574;0.239983071
200.08307422;14.376054684;-0.2986041692;-0.336231774;0.2371679668
200.58308191;14.417617184;-0.2999987004;-0.3387682324;0.2342070293
201.08308959;14.192005205;-0.2988411484;-0.3391770865;0.2357630189
201.58309727;14.259804684;-0.2997200546;-0.3400729199;0.2366145814
202.08310496;14.331328121;-0.3009843775;-0.3417708365;0.2352604148
202.58311264;14.394505205;-0.3024205754;-0.3433333365;0.2337903627
203.08312032;14.451367184;-0.3042773463;-0.3448645865;0.2321692689
203.58312801;14.502903642;-0.3062239609;-0.3464453157;0.2304492168
204.08313569;14.543671871;-0.3100247421;-0.3474791699;0.2266835918
204.58314338;14.590468746;-0.3138242213;-0.3489401074;0.2239062481
205.08315106;14.628515621;-0.3170182317;-0.3501458365;0.2220820294
205.58315874;14.671054684;-0.3200000025;-0.3513593782;0.2194244773
206.08316643;14.712825517;-0.3228072942;-0.3528932324;0.2166132793
206.58317411;14.757070309;-0.3253020859;-0.3542447949;0.2140182273
207.0831818;14.802981767;-0.3277408879;-0.355669274;0.2113333314
207.58318948;14.841809892;-0.3301497421;-0.3570807324;0.2090065085
208.08319716;14.800963538;-0.3310911484;-0.358153649;0.2080690085
208.58320485;14.857460934;-0.3328307317;-0.3595989615;0.2061341127
209.08321253;14.906393225;-0.3348776067;-0.3610000032;0.2042499981
209.58322022;14.955924475;-0.3370520858;-0.3623802115;0.201686196
210.0832279;15.000924475;-0.3389987004;-0.3637890657;0.1995091127
210.58323558;15.047291663;-0.340882815;-0.365075524;0.1970677064
211.08324327;15.092955725;-0.3432526067;-0.3664166698;0.1945169252
211.58325095;15.126067704;-0.3450820338;-0.3679166699;0.1916575502
212.08325863;15.169947913;-0.3470143254;-0.3692838573;0.188826821
212.58326632;15.208906246;-0.349039065;-0.3705234407;0.186014321
213.083274;15.249348954;-0.3515807317;-0.3718281282;0.183420571
213.58328169;15.291536454;-0.3541862004;-0.3730677115;0.181076821
214.08328937;15.330143225;-0.3580755233;-0.3738984407;0.1792148419
214.58329705;15.37209635;-0.36074219;-0.3749270865;0.1770729148
215.08330474;15.413515621;-0.3638528671;-0.3759427115;0.1748385398
215.58331242;15.453958329;-0.3666497421;-0.376903649;0.172279946
216.08332011;15.489361975;-0.3690377629;-0.3780078157;0.1697851544
216.58332779;15.485091142;-0.3706875025;-0.3789166698;0.1684244773
217.08333547;15.5344401;-0.3733697942;-0.3800729198;0.1661744773
217.58334316;15.5760026;-0.3761966171;-0.3811979198;0.1635794252
218.08335084;15.577591142;-0.3776705754;-0.3823645865;0.1603697898
218.58335852;15.625169267;-0.3800664088;-0.3836119823;0.1579817689
219.08336621;15.67053385;-0.3827070338;-0.3848281282;0.1556874981
219.58337389;15.713867183;-0.3851666692;-0.3860468782;0.1533776023
220.08338158;15.752148433;-0.387351565;-0.3873203157;0.1509270814
220.58338926;15.787526038;-0.3933151067;-0.387028649;0.1469596335
221.08339694;15.827643225;-0.3961523462;-0.3878541698;0.1441757794
221.58340463;15.868567704;-0.3982005233;-0.3888020865;0.1416770815
222.08341231;15.909544267;-0.4012187525;-0.3898437532;0.139342446
222.58342;15.948697913;-0.4043567733;-0.3909166698;0.1368216127
223.08342768;15.98740885;-0.4073333358;-0.391856774;0.1342721335
223.58343536;16.018710933;-0.4126054713;-0.3919765657;0.1325195294
224.08344305;16.0197526;-0.4167161483;-0.3917395865;0.131356769
224.58345073;16.060299475;-0.4202083358;-0.3924635448;0.1294296856
225.08345842;16.1019401;-0.4225351588;-0.3943489615;0.1272239565
225.5834661;16.153763017;-0.4252760442;-0.3959921907;0.1247395815
226.08347378;16.196927079;-0.4283190129;-0.3973072948;0.1225507794
226.58348147;16.238763017;-0.4314674504;-0.3983697948;0.1201210919
227.08348915;16.280768225;-0.4346549504;-0.3995416698;0.1177591127
227.58349683;16.323398433;-0.4375846379;-0.4005625032;0.1155690085
228.08350452;16.363580725;-0.4406979192;-0.4013776073;0.1134322898
228.5835122;16.392486975;-0.4462929712;-0.4000989615;0.112123696
229.08351989;16.430963537;-0.4493307317;-0.4008385448;0.1098203106
229.58352757;16.471614579;-0.4522382837;-0.4020703157;0.107342446
230.08353525;16.512018225;-0.4576966171;-0.4018229198;0.1037604148
230.58354294;16.553268225;-0.4610000025;-0.402809899;0.1014453106
231.08355062;16.596276037;-0.4635911483;-0.4041197948;0.0993776023
231.58355831;16.63490885;-0.4655937525;-0.4054687532;0.0972278627
232.08356599;16.675742183;-0.4678710962;-0.4068802115;0.0950260398
232.58357367;16.714609371;-0.4699023462;-0.4083125032;0.0929726544
233.08358136;16.732122392;-0.4713710962;-0.4104635448;0.0913802065
233.58358904;16.77115885;-0.4729700546;-0.4121484407;0.0895585919
234.08359673;16.813164058;-0.4747617212;-0.4136432323;0.0876210919
234.58360441;16.854687496;-0.4767877629;-0.4153385448;0.0854713523
235.08361209;16.895182287;-0.4789127629;-0.4169895865;0.083388019
235.58361978;16.937304683;-0.4809088567;-0.418559899;0.081294269
236.08362746;16.979947912;-0.4830768254;-0.4199713573;0.0792916648
236.58363514;17.020260412;-0.4853372421;-0.4213802115;0.077247394
237.08364283;17.059648433;-0.488695315;-0.4224713573;0.0762643211
237.58365051;17.08928385;-0.4936237004;-0.4228932323;0.0739739565
238.0836582;17.128294266;-0.4967278671;-0.4239739615;0.0712291648
238.58366588;17.170585933;-0.499695315;-0.4251562532;0.0685247377
239.08367356;17.210169266;-0.5030533879;-0.4262291698;0.0661809877
239.58368125;17.251093746;-0.505509117;-0.4272578157;0.0637513002
240.08368893;17.287825516;-0.5081250025;-0.4284427115;0.0611835919
240.58369662;17.318710933;-0.5105091171;-0.4297083365;0.0588828106
241.0837043;17.359713537;-0.5129817733;-0.4318958365;0.0551132794
241.58371198;17.388880204;-0.516757815;-0.4328437532;0.0505377586
242.08371967;17.426901037;-0.519618492;-0.4340859407;0.0479401023
242.58372735;17.439960933;-0.5213632837;-0.435356774;0.0463307273
243.08373503;17.479557287;-0.5234518254;-0.4366093782;0.0440690086
243.58374272;17.5206901;-0.525601565;-0.4381796907;0.0422486961
244.0837504;17.566536454;-0.5274466171;-0.4404921907;0.0389622377
244.58375809;17.611510412;-0.5296041691;-0.4422812532;0.035934894
245.08376577;17.650182287;-0.5317526066;-0.4439583365;0.033013019
245.58377345;17.693645829;-0.53377344;-0.4456614615;0.0304960919
246.08378114;17.735052079;-0.5357565129;-0.4473203157;0.0276888002
246.58378882;17.772643225;-0.5378489608;-0.4488177115;0.0252708315
247.08379651;17.816276037;-0.5395963566;-0.4504583365;0.0228242169
247.58380419;17.856406245;-0.54164844;-0.4518828157;0.0201445294
248.08381187;17.896992183;-0.5436835962;-0.4535260448;0.0164622377
248.58381956;17.93757812;-0.5451979191;-0.4551432323;0.013513019
249.08382724;17.977682287;-0.5474817733;-0.4566562532;0.0103671857
249.58383493;18.019244787;-0.5496822941;-0.4581640657;7.764321111E-03
250.08384261;18.058854162;-0.551884117;-0.4595625032;5.390623198E-03
250.58385029;18.1010026;-0.553930992;-0.4608750032;2.919269034E-03
251.08385798;18.139544266;-0.5558763045;-0.4624531282;5.312482026E-04
251.58386566;18.178059891;-0.5581002629;-0.463794274;-1.613283049E-03
252.08387334;18.2210026;-0.5602643254;-0.4652812532;-4.006512215E-03
252.58388103;18.249088537;-0.562134117;-0.4667395865;-6.190105967E-03
253.08388871;18.279049474;-0.5634322941;-0.468372399;-8.532553882E-03
253.5838964;18.319947912;-0.565430992;-0.4699088573;-0.0106471372
254.08390408;18.359492183;-0.5677031275;-0.4712994823;-0.0127825538
254.58391176;18.405937495;-0.5701601587;-0.4726197948;-0.0149804705
255.08391945;18.447460933;-0.5725000025;-0.4740833365;-0.0172083351
255.56392682;18.493385412;-0.57480469;-0.4755338573;-0.0193033872
256.08393482;18.535338537;-0.57711719;-0.476888024;-0.0209674497
256.5839425;18.575585933;-0.5795130233;-0.477841149;-0.0228281267
257.08395018;18.618802079;-0.581665367;-0.4791666698;-0.0245403663
257.58395787;18.655442704;-0.5834362004;-0.4807578156;-0.0263750017
258.08396555;18.692929683;-0.5853723983;-0.4830677115;-0.0294622413
258.58397323;18.733085933;-0.5870143254;-0.4854244823;-0.0317929705
259.08398092;18.771158849;-0.5870494816;-0.4905494823;-0.0360117205
259.5839886;18.811510412;-0.588149742;-0.4929921906;-0.0384765642
260.08399629;18.849804683;-0.5895325545;-0.4955937531;-0.0406002622
260.58400397;18.894622391;-0.5909205754;-0.4974687531;-0.0429049497
261.08401165;18.934583328;-0.5925130233;-0.4992526073;-0.0449401059
261.58401934;18.971679683;-0.5939244816;-0.5008828156;-0.0470143247
262.08402702;19.008437495;-0.5956223983;-0.5025468782;-0.0490455747
262.58403471;19.033398433;-0.5966145858;-0.5040364615;-0.0504830747
263.08404239;19.071992183;-0.5984062524;-0.5055312531;-0.0522421892
263.58405007;19.113684891;-0.600321617;-0.506981774;-0.0540533872
264.08405776;19.155559891;-0.6021237004;-0.5083151073;-0.0559531267
264.58406544;19.195937495;-0.6040221379;-0.5095572948;-0.0579023455
265.08407313;19.235781245;-0.6061237004;-0.5108307323;-0.0595598976
265.64408173;19.276028641;-0.6078906274;-0.511263024;-0.061175783
266.12408911;19.323033849;-0.6078906274;-0.511263024;-0.061175783
266.60409648;19.364440099;-0.6079023462;-0.5150729198;-0.0350989601
267.08410386;19.404544266;-0.614962242;-0.5165312531;-0.0686302101
267.58411154;19.446562495;-0.617102867;-0.5176744823;-0.070847658
268.08411923;19.487148433;-0.6192643254;-0.519200524;-0.0727421892
268.58412691;19.527148432;-0.6214348983;-0.5204895865;-0.0746875017
269.0841346;19.566601558;-0.6234492212;-0.5223020865;-0.076597658
269.58414228;19.607447912;-0.6254283879;-0.524044274;-0.0784166684
270.08414996;19.640156245;-0.6274296899;-0.5256197948;-0.0804947934
270.58415765;19.678841141;-0.6294830754;-0.5272239615;-0.0826940122
271.08416533;19.71867187;-0.6312031274;-0.5286302115;-0.0846458351
271.58417302;19.760039057;-0.6333085962;-0.529981774;-0.0862395851
272.0841807;19.798033849;-0.6350976587;-0.5313151073;-0.0880325538
272.58418838;19.830169266;-0.6367044295;-0.5326171906;-0.0896523455
273.08419607;19.858138016;-0.6382695337;-0.5340833365;-0.0913815121
273.58420375;19.89835937;-0.6399205754;-0.5355807323;-0.0932421892
274.08421144;19.939075516;-0.6415533879;-0.5369375031;-0.0952135434
274.58421912;19.979335932;-0.6435520858;-0.538263024;-0.0970729184
275.0842268;20.019700516;-0.6452760441;-0.5396432323;-0.0988776059
275.58423449;20.05914062;-0.6469947941;-0.5409166698;-0.100769533
276.08424217;20.100364578;-0.6488645858;-0.542106774;-0.1024674496
276.58424985;20.134726557;-0.6507200545;-0.5434218781;-0.1042903663
277.08425754;20.177747391;-0.6530260441;-0.544747399;-0.1063515642
277.58426522;20.212239578;-0.6551250024;-0.5460104198;-0.1082643246
278.08427291;20.251861974;-0.6573333358;-0.5473151073;-0.1099830746
278.58428059;20.291054682;-0.6594244816;-0.5485729198;-0.111738283
279.08428827;20.331744786;-0.6614505233;-0.5498776073;-0.1136627621
279.58429596;20.371835932;-0.6633320337;-0.5509244823;-0.1156302101
280.08430364;20.410950516;-0.6654192733;-0.5521744823;-0.1175026059
280.58431133;20.452174474;-0.6675260441;-0.5535651073;-0.1192018246
281.08431901;20.488958328;-0.6695585962;-0.554888024;-0.1210312517
281.58432669;20.52570312;-0.6716263045;-0.5563463573;-0.1227460955
282.08433438;20.565572911;-0.6737109399;-0.5578932323;-0.1247591163
282.58434206;20.603619786;-0.6755312524;-0.5592760448;-0.1264622413
283.08434974;20.633802078;-0.6768502628;-0.5612578156;-0.1279960955
283.58435743;20.668151036;-0.6785885441;-0.562731774;-0.1296562517
284.08436511;20.705351557;-0.6798476587;-0.564247399;-0.1316067726
284.5843728;20.748020828;-0.6819440128;-0.5657812531;-0.1335638038
285.08438048;20.787447911;-0.6838450545;-0.5672421906;-0.1353828142
285.58438816;20.82601562;-0.6854908878;-0.5687239615;-0.1373997413
286.08439585;20.869010411;-0.687446617;-0.5702656281;-0.1393372413
286.58440353;20.908346349;-0.6890000024;-0.5717838573;-0.1412838559
287.08441122;20.94790364;-0.6907382837;-0.5732604198;-0.143300783
287.5844189;20.987005203;-0.6925520858;-0.5745833365;-0.1447682309
288.08442658;21.015611974;-0.6935000024;-0.5781145865;-0.1489674496
288.58443427;21.056276036;-0.6941015649;-0.581591149;-0.1529010434
289.08444195;21.09742187;-0.6954973983;-0.5833072948;-0.155160158
289.58444964;21.137499995;-0.6974570337;-0.5846458365;-0.1571731788
290.08445732;21.171249995;-0.6990585962;-0.5861302115;-0.1591054705
290.584465;21.20930989;-0.7007500024;-0.587481774;-0.160847658
291.08447269;21.249583328;-0.7025416691;-0.5891250031;-0.1626367205
291.58448037;21.288736974;-0.7044492212;-0.5903463573;-0.1645156267
292.08448805;21.329557286;-0.7064492212;-0.5919166698;-0.1663268246
292.58449574;21.362096349;-0.7084088566;-0.5932265656;-0.1682148455
293.08450342;21.401458328;-0.7102291691;-0.594575524;-0.1700325538
293.58451111;21.433502599;-0.711618492;-0.5958932323;-0.1716236996
294.08451879;21.46726562;-0.7132018253;-0.5970677115;-0.1730638038
294.58452647;21.505351557;-0.7149895858;-0.5985885448;-0.1748854184
295.08453416;21.541927078;-0.7168411483;-0.599966149;-0.1763750017
295.58454184;21.58023437;-0.7187513045;-0.6012890656;-0.177941408
296.08454953;21.620950515;-0.7205612003;-0.6023229198;-0.1795312517
296.58455721;21.662239578;-0.7226158878;-0.6038984406;-0.181238283
297.08456489;21.700481765;-0.724727867;-0.6052083364;-0.1831197934
297.58457258;21.739401036;-0.7267252628;-0.6063020865;-0.1847187517
298.08458026;21.775585932;-0.7286263045;-0.607669274;-0.186535158
298.58458795;21.813203119;-0.7303281274;-0.6088671906;-0.1883854184
299.08459563;21.85399739;-0.7324179712;-0.6102031281;-0.1902018246
299.58460331;21.892356765;-0.7341953149;-0.6113958365;-0.1919622413
300.084611;21.929101557;-0.7357955753;-0.6126796906;-0.1937981788
300.58461868;21.965494786;-0.7377096378;-0.6140312531;-0.1956627621
301.08462636;22.004296869;-0.7396744816;-0.6153671906;-0.1973619809
301.58463405;22.043619786;-0.7411197941;-0.6170156281;-0.1995026059
302.08464173;22.08305989;-0.7426067732;-0.6183203156;-0.2013111996
302.58464942;22.115052078;-0.744227867;-0.6194166698;-0.2031822934
303.0846571;22.154492182;-0.7461054712;-0.6208255239;-0.2051679705
303.58466478;22.193138015;-0.748040367;-0.6221718781;-0.2070559913
304.08467247;22.225677078;-0.7496744816;-0.6235703156;-0.2088216163
304.58468015;22.263749994;-0.7516640649;-0.6247656281;-0.2106536475
305.08468784;22.292096348;-0.7534427107;-0.6261484406;-0.2120078142
305.58469552;22.33009114;-0.7553007837;-0.6275625031;-0.2139036475
306.0847032;22.363567703;-0.7572148462;-0.6290651073;-0.2158385434
306.58471089;22.401145828;-0.7593268253;-0.630356774;-0.2176510434
307.08471857;22.441367182;-0.7610546899;-0.6315781281;-0.2195625017
307.58472625;22.47665364;-0.7645807316;-0.631966149;-0.2207929705
308.08473394;22.512031244;-0.7670963566;-0.6330052114;-0.2224453142
308.58474162;22.551158848;-0.7694205753;-0.6340703156;-0.2243385434
309.08474931;22.590416661;-0.771712242;-0.6351822948;-0.2262356788
309.58475699;22.629661453;-0.7739544295;-0.6362994823;-0.2280299496
310.08476467;22.661822911;-0.776134117;-0.6374791698;-0.2296848975
310.58477236;22.700364578;-0.7778658878;-0.6387656281;-0.2313398454
311.08478004;22.738906244;-0.7799036482;-0.6399427115;-0.2331692725
311.58478773;22.775533848;-0.7819752628;-0.6411458364;-0.2347851579
312.08479541;22.816783848;-0.7836822941;-0.6425885448;-0.2366419288
312.58480309;22.853450515;-0.7856875024;-0.6438619823;-0.2384101579
313.08481078;22.893424473;-0.7873151066;-0.6447317739;-0.2401979184
313.58481846;22.932239577;-0.7889348982;-0.6459479198;-0.24200521
314.08482615;22.965130202;-0.7907356795;-0.6471171906;-0.2437434913
314.58483383;23.004635411;-0.7922356795;-0.6485052114;-0.2455729184
315.08484151;23.041445307;-0.7938020857;-0.6497864614;-0.2471250017
315.5848492;23.075989577;-0.7956041691;-0.6511718781;-0.2485169288
316.08485688;23.114361973;-0.7970494816;-0.6524739614;-0.2499856788
316.58486456;23.142669265;-0.7985039086;-0.6537239614;-0.2512486996
317.08487225;23.181393223;-0.8002187524;-0.6550182323;-0.2532434913
317.58487993;23.214700515;-0.8019427107;-0.6562265656;-0.2552968767
318.08488762;23.251601557;-0.8037968774;-0.6576093781;-0.2573046892
318.5848953;23.292473952;-0.805571617;-0.6592708364;-0.2599296892
319.08490298;23.33180989;-0.8073750024;-0.6607239614;-0.2619283871
319.58491067;23.363632807;-0.8093125024;-0.6619895864;-0.2636666684
320.08491835;23.402565098;-0.810899742;-0.6633697948;-0.2655781267
320.58492604;23.442695307;-0.8126015649;-0.6648619823;-0.2674010434
321.08493372;23.472682286;-0.8145703149;-0.6663645864;-0.2695507829
321.5849414;23.512174473;-0.816274742;-0.6679140656;-0.2713411475
322.08494909;23.552994786;-0.8180768253;-0.6694505239;-0.2733567725
322.58495677;23.583203119;-0.8196471378;-0.6709036489;-0.2749856788
323.08496446;23.620130202;-0.8212343774;-0.6723307323;-0.2767994809
323.58497214;23.654583327;-0.822821617;-0.6736406281;-0.2783359392
324.08497982;23.689101556;-0.8244088566;-0.6750572948;-0.2799674496
324.58498751;23.729361973;-0.8259921899;-0.6765572948;-0.2818580746
325.08499519;23.766744786;-0.8272200545;-0.6782994823;-0.2837200538
325.58500287;23.799700515;-0.8287044295;-0.6798802114;-0.2856080746
326.08501056;23.839036452;-0.8302057316;-0.6814192739;-0.2873971371
326.58501824;23.877291661;-0.8316145857;-0.6831119823;-0.2895325538
327.08502593;23.913867181;-0.8326718774;-0.6849270864;-0.2918255225
327.58503361;23.949270827;-0.8341640649;-0.6864947948;-0.2937460954
328.08504129;23.98055989;-0.8354856795;-0.6880026073;-0.29556771
328.58504898;24.012955723;-0.8365481795;-0.6894661489;-0.29719271
329.08505666;24.045833327;-0.8379348982;-0.6908828156;-0.2988046892
329.58506435;24.084088536;-0.8393802107;-0.6923619823;-0.3005481788
330.08507203;24.123580723;-0.8407487003;-0.6938229198;-0.3023346371
330.58507971;24.165299473;-0.8424973982;-0.6952786489;-0.3041848975
331.0850874;24.197799473;-0.8438945336;-0.6966302114;-0.3060442725
331.58509508;24.23682291;-0.8453307315;-0.6980000031;-0.3078710954
332.08510276;24.27634114;-0.8470143253;-0.6995078156;-0.3097356788
332.58511045;24.311158848;-0.8487460961;-0.7006510448;-0.311395835
333.08511813;24.344882806;-0.8505950545;-0.7018541698;-0.3132343767
333.58512582;24.385429681;-0.8523867211;-0.7031666698;-0.31491146
334.0851335;24.423867181;-0.8541783878;-0.7045260448;-0.3166822933
334.58514118;24.459986973;-0.855979169;-0.7058723989;-0.3185507829
335.08514887;24.493489577;-0.8577265649;-0.7071979198;-0.3203815121
335.58515655;24.532734369;-0.8591328149;-0.7085312531;-0.3222565121
336.08516424;24.569114577;-0.8608815128;-0.7098020864;-0.3238750017
336.58517192;24.605651035;-0.8626640649;-0.7113411489;-0.3256901058
337.0851796;24.644075515;-0.8644687524;-0.7125000031;-0.3275091163
337.58518729;24.678828119;-0.8662526065;-0.7139609406;-0.3292721371
338.08519497;24.713437494;-0.8680299503;-0.7154713573;-0.3311276058
338.58520266;24.751692702;-0.869713544;-0.7170963573;-0.3329700537
339.08521034;24.787278639;-0.871462242;-0.7186406281;-0.3348867204
339.58521802;24.821406244;-0.8731432315;-0.7199713573;-0.3365885433
340.08522571;24.857057285;-0.8748255232;-0.7212734406;-0.3383854183
340.58523339;24.888424473;-0.8759388045;-0.7227552114;-0.3398815121
341.08524107;24.916757806;-0.8773242211;-0.7240546906;-0.3417955746
341.58524876;24.95494791;-0.8790651065;-0.7251901073;-0.3446497413
342.08525644;24.993828119;-0.8807408878;-0.7265078156;-0.3463398454
342.58526413;25.026692702;-0.8823750024;-0.7280859406;-0.3477513037
343.08527181;25.067513014;-0.8838723982;-0.7294010447;-0.3493046892
343.58527949;25.110520827;-0.8852877628;-0.7306875031;-0.3502486996
344.08528718;25.146966139;-0.8871393253;-0.7319479198;-0.3522968767
344.58529486;25.182825514;-0.8886367211;-0.7331536489;-0.3542747412
345.08530255;25.216419264;-0.8913346378;-0.7338515656;-0.3561289079
345.58531023;25.252109369;-0.894102867;-0.7348697948;-0.3577721371
346.08531791;25.289999994;-0.8957213565;-0.7359322948;-0.3595716162
346.5853256;25.327812494;-0.8977148461;-0.7369635448;-0.3615260433
347.08533328;25.364583327;-0.8995195336;-0.7382109406;-0.3632213558
347.58534097;25.399661452;-0.9012799503;-0.7395963572;-0.3646341162
348.08534865;25.439205723;-0.9032877628;-0.7408567739;-0.3664244808
348.58535633;25.47104166;-0.9051093774;-0.7420260448;-0.3682109392
349.08536402;25.510716139;-0.9068346378;-0.7432005239;-0.3699830746
349.5853717;25.547343743;-0.908321617;-0.7443333364;-0.3717486996
350.08537938;25.580781243;-0.9101705753;-0.7456953156;-0.3732695329
350.58538707;25.62072916;-0.9119895857;-0.7470885448;-0.3750000017
351.08539475;25.653476556;-0.9138164086;-0.7482864614;-0.3767447933
351.58540244;25.690247389;-0.915634117;-0.7495338572;-0.3782890642
352.08541012;25.729687493;-0.9177200544;-0.7508515656;-0.3801601579
352.5854178;25.758893223;-0.9195533878;-0.7520494823;-0.3818294287
353.08542549;25.799309889;-0.9213515649;-0.7533593781;-0.3835924496
353.58543317;25.830976556;-0.9229726586;-0.7545859406;-0.3852356787
354.08544086;25.862799473;-0.9244257836;-0.7558359406;-0.3866276058
354.58544854;25.896679681;-0.925776044;-0.7571744822;-0.3880924496
355.08545622;25.935182285;-0.9275273461;-0.7581328156;-0.3897408871
355.58546391;25.974557285;-0.9292695336;-0.7593229198;-0.3914882829
356.08547159;26.007734368;-0.9309375024;-0.7605651073;-0.39300521
356.58547927;26.046210931;-0.9324127628;-0.7618203156;-0.3946575537
357.08548696;26.083294264;-0.9339049503;-0.7630833364;-0.3963463558
357.58549464;26.115442702;-0.9356184919;-0.7643437531;-0.397927085
358.08550233;26.154570306;-0.9370481794;-0.7656250031;-0.3994713558
358.58551001;26.191744785;-0.9385833357;-0.7668020864;-0.4010221371
359.08551769;26.223281243;-0.9402343774;-0.7680182322;-0.4025416683
359.58552538;26.261953118;-0.941696617;-0.7689687531;-0.4041028662
360.08553306;26.298085931;-0.9431783878;-0.7702526073;-0.4057200537
360.58554075;26.334218743;-0.9449270857;-0.7713906281;-0.4073841162
361.08554843;26.369127597;-0.9479348982;-0.7718255239;-0.4088059912
361.58555611;26.403554681;-0.9500833357;-0.7726276072;-0.4105013037
362.0855638;26.443111972;-0.9521302107;-0.7737213572;-0.4119062516
362.58557148;26.472434889;-0.9539453149;-0.7744973989;-0.4130000017
363.08557917;26.512669264;-0.9558294294;-0.7756588573;-0.4144296891
363.58558685;26.545299472;-0.9573815128;-0.7767838572;-0.415833335
364.08559453;26.581744785;-0.9589882836;-0.7778723989;-0.4174973975
364.58560222;26.620911452;-0.9607421899;-0.7790703156;-0.4191341162
365.0856099;26.652070306;-0.962479169;-0.7801927114;-0.4207356787
365.58561758;26.690963535;-0.9640768253;-0.7814453156;-0.4223580746
366.08562527;26.727317702;-0.9659804711;-0.7827291697;-0.4245690121
366.58563295;26.759622389;-0.9676093774;-0.7838567739;-0.4258684912
367.08564064;26.798515618;-0.9694075544;-0.7851197947;-0.4275195329
367.58564832;26.827773431;-0.9708945336;-0.7863697947;-0.4287877621
368.085656;26.856914056;-0.9724960961;-0.7876015656;-0.4302434912
368.58566369;26.897044264;-0.9738841169;-0.7889453156;-0.4316575537
369.08567137;26.933671868;-0.9752513044;-0.7902578156;-0.4333463558
369.58567906;26.97041666;-0.9769023461;-0.7915729197;-0.4351914079
370.08568674;27.00682291;-0.9786367211;-0.7928125031;-0.4367812516
370.58569442;27.046848951;-0.9803919294;-0.7940182322;-0.438395835
371.08570211;27.079192701;-0.9817031274;-0.7951041697;-0.4400533871
371.58570979;27.116276035;-0.9831888044;-0.7963307322;-0.4416705746
372.08571748;27.15354166;-0.9844830753;-0.7978177114;-0.4433606787
372.58572516;27.185351556;-0.9861341169;-0.7990911489;-0.4459557308
373.08573284;27.223893222;-0.9873815128;-0.8003854197;-0.4478736996
373.58574053;27.262148431;-0.9890091169;-0.8015807322;-0.4493776058
374.08574821;27.292356764;-0.989557294;-0.8049609406;-0.4525117204
374.58575589;27.331289056;-0.9906536482;-0.8066328156;-0.4542513037
375.08576358;27.361692701;-0.9907591169;-0.8104296906;-0.4575572933
375.58577126;27.400481764;-0.9918138044;-0.8120546906;-0.4595651058
376.08577895;27.435559889;-0.9933216169;-0.8134062531;-0.4613971371
376.58578663;27.470781243;-0.9949648461;-0.8147083364;-0.4628893246
377.08579431;27.507877597;-0.9966679711;-0.8159635447;-0.464520835
377.585802;27.539674472;-0.9983307315;-0.8171770864;-0.4658736996
378.08580968;27.578645826;-1.0001106795;-0.8184505239;-0.4675703141
378.58581737;27.61369791;-1.0018606795;-0.8196770864;-0.469239585
379.08582505;27.647200514;-1.0036015649;-0.8208411489;-0.4708463558
379.58583273;27.680026035;-1.0051328149;-0.8220572947;-0.4724492204
380.08584042;27.712695305;-1.0063789086;-0.8232968781;-0.4739466162
380.5858481;27.743528639;-1.008057294;-0.8243489614;-0.4752291683
381.08585578;27.77652343;-1.0096862003;-0.8254427114;-0.4767369808
381.58586347;27.811874993;-1.0113750024;-0.8265572947;-0.4785638037
382.08587115;27.848059889;-1.0131744816;-0.8276250031;-0.4798632829
382.58587884;27.879687493;-1.0148802107;-0.8287421906;-0.4812304704
383.08588652;27.919908847;-1.0166250024;-0.8299375031;-0.4828046891
383.5858942;27.956328118;-1.018462242;-0.8310494822;-0.484614585
384.08590189;27.98854166;-1.020274742;-0.8321770864;-0.4861171891
384.58590957;28.026484368;-1.0220768253;-0.8334296906;-0.4870703141
385.08591726;28.064856764;-1.0235546899;-0.8345182322;-0.4887669287
385.58592494;28.101783847;-1.025368492;-0.8357369822;-0.4905664079
386.08593262;28.137721347;-1.0271093774;-0.8368541697;-0.4922604183
386.58594031;28.175390618;-1.0289596378;-0.8380442739;-0.493928387
387.08594799;28.210390618;-1.0303437524;-0.8392682322;-0.4958515641
387.58595568;28.246588534;-1.0320117211;-0.8403776072;-0.497552085
388.08596336;28.283997389;-1.0336419295;-0.8415963572;-0.49897396
388.58597104;28.316289055;-1.0350286482;-0.8427708364;-0.5004361995
389.08597873;28.356315097;-1.0366276065;-0.8439843781;-0.501928387
389.58598641;28.391549472;-1.038229169;-0.8451744822;-0.5036289079
390.08599409;28.425286451;-1.0398984399;-0.8464557322;-0.5052434912
390.58600178;28.463007805;-1.0411432315;-0.8477187531;-0.5069062516
391.08600946;28.496901034;-1.0425052107;-0.8489713572;-0.508631512
391.58601715;28.534596347;-1.0443294295;-0.8502291697;-0.5103945329
392.08602483;28.370963534;-1.0456679711;-0.8449921906;-0.5048320329
392.58603251;28.418411451;-1.0469713565;-0.8458645864;-0.5054218766
393.0860402;28.476328118;-1.0485429711;-0.8470520864;-0.5068255225
393.58604788;28.526132805;-1.0502239607;-0.8480989614;-0.5083059912
394.08605557;28.576289055;-1.0520807315;-0.8493645864;-0.5100169287
394.58606325;28.627708326;-1.0539257836;-0.8505885447;-0.5117578141
395.08607093;28.67261718;-1.0554674503;-0.8518020864;-0.5132695329
395.58607862;28.713216138;-1.0572343774;-0.8530598989;-0.515052085
396.0860863;28.755195305;-1.0590768253;-0.8542708364;-0.5165937516
396.58609399;28.797005201;-1.0609179711;-0.8554661489;-0.5184361995
397.08610167;28.837447909;-1.0627695336;-0.8567317739;-0.5202382829
397.58610935;28.877682284;-1.0645169295;-0.8579973989;-0.5219830745
398.08611704;28.917916659;-1.0663398461;-0.8593020864;-0.5238515641
398.58612472;28.956093743;-1.0679557315;-0.8606692739;-0.5253437516
399.0861324;28.989934888;-1.0702239607;-0.8618723989;-0.5270794287
399.58614009;29.030507805;-1.0721210961;-0.8629921906;-0.5288945329
400.08614777;29.070755201;-1.0736028669;-0.8644244822;-0.530303387
400.58615546;29.112265618;-1.0755286482;-0.8658385447;-0.5318125016
401.08616314;29.147539055;-1.0773658878;-0.8670859406;-0.5336549495
401.58617082;29.187994784;-1.0790742211;-0.8683723989;-0.5355247412
402.08617851;29.225794263;-1.0804114607;-0.8693671905;-0.5373072933
402.58618619;29.262981763;-1.0821783878;-0.8707447947;-0.53891146
403.08619388;29.304479159;-1.0840117211;-0.8719140656;-0.5408750016
403.58620156;29.342161451;-1.0853398461;-0.8731848989;-0.542364585
404.08620924;29.382955722;-1.0869987003;-0.8744869822;-0.5443424495
404.58621693;29.420247388;-1.0894583357;-0.8752890656;-0.5459583349
405.08622461;29.455468742;-1.0913737003;-0.8762369822;-0.547694012
405.58623229;29.497200513;-1.0933125024;-0.8776901072;-0.5492656266
406.08623998;29.536796867;-1.095260419;-0.8789270864;-0.5505703141
406.58624766;29.57667968;-1.0971601586;-0.8801953155;-0.552006512
407.08625535;29.609361972;-1.0990182315;-0.8814661489;-0.553287762
407.58626303;29.645820305;-1.1007942732;-0.8826432322;-0.5547421891
408.08627071;29.685768222;-1.1027682315;-0.883750003;-0.5562994808
408.5862784;29.717695305;-1.104180992;-0.8848020864;-0.5578710954
409.08628608;29.754140617;-1.1059544295;-0.8860677114;-0.5597578141
409.58629377;29.793190097;-1.1076835961;-0.8875130239;-0.5618463558
410.08630145;29.837955722;-1.1095195336;-0.888812503;-0.5633385433
410.58630913;29.878333326;-1.1113515649;-0.8901380239;-0.5651041683
411.08631682;29.911536451;-1.1131263045;-0.8913515655;-0.5671380224
411.5863245;29.95042968;-1.1150221378;-0.8926380239;-0.568553387
412.08633218;29.990468742;-1.1169544294;-0.893875003;-0.5706171891
412.58633987;30.022578117;-1.1212786482;-0.8943437531;-0.5715234391
413.08634755;30.060377596;-1.1234140649;-0.895390628;-0.5733867204
413.58635524;30.10011718;-1.1255859399;-0.896437503;-0.5740794287
414.08636292;30.139427076;-1.1278112003;-0.8975598989;-0.5759205745
414.5863706;30.176432284;-1.1298411482;-0.8985104197;-0.5774427099
415.08637829;30.210403638;-1.1322434919;-0.8994114614;-0.5795104183
415.58638597;30.249192701;-1.1341640649;-0.9007317739;-0.5809244808
416.08639366;30.285416659;-1.1357799503;-0.9018203155;-0.5821367204
416.58640134;30.321171867;-1.1372994815;-0.9030651072;-0.5841640641
417.08640902;30.358268221;-1.1390598982;-0.9042838572;-0.5859179704
417.58641671;30.397187492;-1.1407057315;-0.9054869822;-0.5875442724
418.08642439;30.434427076;-1.1427018253;-0.9066901072;-0.5886393245
418.58643208;30.466028638;-1.1445911482;-0.9078854197;-0.5904010433
419.08643976;30.508463534;-1.1464908878;-0.9091484405;-0.5919661474
419.58644744;30.546145826;-1.1483606794;-0.9104036489;-0.5939179704
420.08645513;30.577669263;-1.1501406274;-0.9116979197;-0.5957486995
420.58646281;30.618385409;-1.1515742211;-0.9131953155;-0.5973554704
421.08647049;30.651184888;-1.1532278669;-0.9145078155;-0.5986458349
421.58647818;30.6895052;-1.1545273461;-0.9159791697;-0.6001679704
422.08648586;30.728372388;-1.1561862003;-0.9173489614;-0.6018046891
422.58649355;30.768763013;-1.1579075544;-0.9186979197;-0.6033997412
423.08650123;30.807994784;-1.1596966169;-0.920078128;-0.6052161474
423.58650891;30.841419263;-1.1613463565;-0.9213151072;-0.6068671891
424.0865166;30.880638013;-1.1631562524;-0.9226197947;-0.6085820329
424.58652428;30.9135677;-1.1649596378;-0.9239140655;-0.6095156266
425.08653197;30.949309888;-1.1667942732;-0.9251770864;-0.6109583349
425.58653965;30.988320305;-1.1685429711;-0.9264348989;-0.6122356787
426.08654733;31.021757805;-1.1703841169;-0.9275338572;-0.6138398453
426.58655502;31.058802075;-1.1717890648;-0.928734378;-0.6147903662
427.0865627;31.0960677;-1.1736575544;-0.929890628;-0.6167864599
427.58657039;31.127903638;-1.1755195336;-0.9310651072;-0.6186927099
428.08657807;31.168763013;-1.1772968773;-0.9322890655;-0.6202825537
428.58658575;31.207656242;-1.1786119815;-0.9334505239;-0.6205468766
429.08659344;31.246419263;-1.180010419;-0.9347083364;-0.6223736995
429.58660112;31.279257804;-1.1814179711;-0.936109378;-0.6239231787
430.0866088;31.317994784;-1.1826471378;-0.9375416697;-0.6256236995
430.58661649;31.353984367;-1.1842226586;-0.9388307322;-0.628147137
431.08662417;31.386679679;-1.1860377628;-0.9400078155;-0.6289192724
431.58663186;31.427109367;-1.1873684919;-0.9412083364;-0.6303867203
432.08663954;31.457135409;-1.1886731794;-0.942093753;-0.6318203141
432.58664722;31.495481763;-1.1904101586;-0.9432291697;-0.6338085953
433.08665491;31.532968742;-1.1922252628;-0.944500003;-0.6364765641
433.58666259;31.566119784;-1.1939101586;-0.9456510447;-0.6369401058
434.08667028;31.606054679;-1.1956588565;-0.9469557322;-0.6388763037
434.58667796;31.644166659;-1.1973867211;-0.9480755239;-0.6405273453
435.08668564;31.675963534;-1.1990768253;-0.9493046905;-0.6423216162
435.58669333;31.716614575;-1.2007187523;-0.9505703155;-0.644022137
436.08670101;31.747486971;-1.2021458357;-0.9518776072;-0.6456119808
436.58670869;31.784479159;-1.2033919294;-0.9532395864;-0.6473541683
437.08671638;31.822070304;-1.2048893253;-0.954453128;-0.6491497412
437.58672406;31.854583325;-1.2065000023;-0.9557786489;-0.650147137
438.08673175;31.894140617;-1.2081888044;-0.9569166697;-0.6514609391
438.58673943;31.93059895;-1.2098841169;-0.958140628;-0.6533541683
439.08674711;31.963528638;-1.2115442732;-0.9593255239;-0.6549986995
439.5867548;32.001979158;-1.2131341169;-0.9607317739;-0.6564830745
440.08676248;32.036184888;-1.2148372419;-0.9618333364;-0.6585559912
440.58677017;32.073385408;-1.2164531273;-0.963062503;-0.6604726578
441.08677785;32.112044263;-1.2181757836;-0.964234378;-0.661272137
441.58678553;32.151106763;-1.2194752628;-0.9654921905;-0.6635442724
442.08679322;32.183580721;-1.2210768253;-0.9667161489;-0.6648255224
442.5868009;32.222799471;-1.2227513044;-0.9679895864;-0.6661640641
443.08680859;32.256679679;-1.2244583357;-0.9696171905;-0.6680208349
443.58681627;32.292929679;-1.2260963565;-0.9708932322;-0.6692955745
444.08682395;32.328997388;-1.2276158878;-0.9721041697;-0.6708476578
444.58683164;32.361523429;-1.228588544;-0.9734114614;-0.6723893245
445.08683932;32.401054679;-1.2302330752;-0.974359378;-0.6740598974
445.586847;32.432499992;-1.231447919;-0.975671878;-0.6755260432
446.08685469;32.469583325;-1.2327708357;-0.9768072947;-0.6776497412
446.58686237;32.506979158;-1.2344127627;-0.9778098989;-0.6793619807
447.08687006;32.538736971;-1.2360078148;-0.9791067739;-0.6802786474
447.58687774;32.579414054;-1.2371315128;-0.9801822947;-0.6817669287
448.08688542;32.613945304;-1.2385585961;-0.9814088572;-0.683600262
448.58689311;32.648046867;-1.2402057315;-0.9825442739;-0.6844895849
449.08690079;32.685234367;-1.241932294;-0.9837734405;-0.6861510432
449.58690848;32.716666658;-1.2435078148;-0.984906253;-0.6885442724
450.08691616;32.755455721;-1.2452786482;-0.9862213572;-0.6910820328
450.58692384;32.785768221;-1.2469414086;-0.9873697947;-0.6922135432
451.08693153;32.821575512;-1.2485546898;-0.9885859405;-0.6938554703
451.58693921;32.855325512;-1.2501809919;-0.9897057322;-0.6957591162
452.08694689;32.890611971;-1.2516523461;-0.9908072947;-0.6971497412
452.58695458;32.922434887;-1.2529869815;-0.9920651072;-0.6989674495
453.08696226;32.9632552;-1.2546588565;-0.9933203155;-0.7011809912
453.58696995;32.992499992;-1.2562487002;-0.9945390655;-0.7016250016
454.08697763;33.032578117;-1.2579804711;-0.9955416697;-0.7034895849
454.58698531;33.064296867;-1.2595807315;-0.9966744822;-0.7052239599
455.086993;33.098346346;-1.2612213565;-0.997796878;-0.7060156266
455.58700068;33.133854158;-1.262869794;-0.9990703155;-0.7075013037
456.08700837;33.16841145;-1.2644153669;-1.0001093781;-0.7098671891
456.58701605;33.206432283;-1.266197919;-1.0012083364;-0.7115156266
457.08702373;33.235859366;-1.2677070336;-1.0022994822;-0.7126979182
457.58703142;33.268450512;-1.2690937523;-1.0033828156;-0.7141822932
458.0870391;33.302083325;-1.2705455752;-1.0045859406;-0.7155664078
458.58704679;33.339492179;-1.2721497419;-1.0058411489;-0.7168828141
459.08705447;33.375481762;-1.2738489607;-1.0068593781;-0.7185494807
459.58706215;33.410338533;-1.2754179711;-1.0079322947;-0.7200351578
460.08706984;33.444869783;-1.2765703148;-1.0094192739;-0.7216757828
460.58707752;33.480559887;-1.2777539086;-1.0103020864;-0.7231796891
461.0870852;33.513489575;-1.2793502627;-1.0114843781;-0.7248085953
461.58709289;33.551601554;-1.2807226586;-1.0126276072;-0.7260572932
462.08710057;33.582109366;-1.2817877627;-1.0137630239;-0.7275559911
462.58710826;33.621510408;-1.2832109398;-1.0150078156;-0.7291875016
463.08711594;33.649700512;-1.2846171898;-1.0163046906;-0.7304518245
463.58712362;33.68216145;-1.2859205752;-1.0174244822;-0.7317994807
464.08713131;33.718684887;-1.2871263044;-1.0185026072;-0.7331822932
464.58713899;33.751171866;-1.2885208356;-1.0197031281;-0.7345117203
465.08714668;33.786966137;-1.2901419294;-1.0207265656;-0.7361861995
465.58715436;33.819687491;-1.2917070336;-1.0219557322;-0.7376119807
466.08716204;33.856471346;-1.2932617211;-1.0230390656;-0.7389622411
466.58716973;33.892812491;-1.2949075544;-1.0241901072;-0.7405976578
467.08717741;33.923710929;-1.2964309919;-1.0248984406;-0.7420937516
467.5871851;33.954960929;-1.2980612002;-1.0262109406;-0.7440052099
468.08719278;33.990885408;-1.2995950544;-1.0272135447;-0.7455625016
468.58720046;34.020872387;-1.3009270856;-1.0282604197;-0.7472057307
469.08720815;34.060364575;-1.3023112002;-1.0294010447;-0.7487669286
469.58721583;34.088151033;-1.3038645856;-1.0307083364;-0.7501692724
470.08722351;34.126640616;-1.3054713565;-1.0316015656;-0.751662762
470.5872312;34.156367179;-1.3069362002;-1.0328880239;-0.7532395849
471.08723888;34.187252595;-1.3086145857;-1.0338567739;-0.7548450536
471.58724657;34.223372387;-1.3101653669;-1.0350911489;-0.756365887
472.08725425;34.252578116;-1.3116263044;-1.0361171906;-0.7577656266
472.58726193;34.292734366;-1.3132578148;-1.0372760447;-0.7594062516
473.08726962;34.323307283;-1.3148567731;-1.0382005239;-0.7611549495
473.5872773;34.355169262;-1.316447919;-1.0390208364;-0.7622421891
474.08728499;34.3888802;-1.3179414086;-1.0402447947;-0.7644036474
474.58729267;34.421744783;-1.3192682315;-1.0414531281;-0.7649674495
475.08730035;34.457252595;-1.3209414086;-1.0425703155;-0.7663046891
475.58730804;34.488398429;-1.3224335961;-1.0435416697;-0.7675182307
476.08731572;34.524531241;-1.3239934919;-1.0446848989;-0.7689882828
476.5873234;34.556562491;-1.3254453148;-1.0454375031;-0.7705299495
477.08733109;34.590885408;-1.3266380231;-1.0465781281;-0.7719921891
477.58733877;34.620286449;-1.3278138044;-1.0475703156;-0.7736054703
478.08734646;34.654531241;-1.3289765648;-1.0485026072;-0.7750585953
478.58735414;34.68920572;-1.3302838565;-1.0495885447;-0.7762903661
479.08736182;34.722708324;-1.3315976586;-1.0510026072;-0.7778606786
479.58736951;34.756367179;-1.3330950544;-1.0518281281;-0.7803072932
480.08737719;34.786002595;-1.3342278669;-1.0530859406;-0.7817513036
480.58738488;34.819153637;-1.3356692731;-1.0538802114;-0.7819361995
481.08739256;34.851510408;-1.336871096;-1.0549322947;-0.7833710953
481.58740024;34.882096345;-1.3382812523;-1.0562031281;-0.7852617203
482.08740793;34.91733072;-1.3398502627;-1.0571171905;-0.7867057307
482.58741561;34.947552074;-1.3414648461;-1.058171878;-0.7880911474
483.0874233;34.977981762;-1.3429466169;-1.0592369822;-0.7895039078
483.58743098;35.013203116;-1.344479169;-1.0603854197;-0.7911210953
484.08743866;35.040677074;-1.3460273461;-1.0613177114;-0.792710939
484.58744635;35.073632804;-1.347463544;-1.062625003;-0.7949947932
485.08745403;35.109973949;-1.3490143252;-1.0634583364;-0.7962070328
485.58746171;35.138906241;-1.3501770856;-1.0645338572;-0.7974713557
486.0874694;35.172343741;-1.3517044294;-1.0658515656;-0.7996861995
486.58747708;35.206067699;-1.3532330752;-1.0667682322;-0.800960939
487.08748477;35.235494783;-1.3548138044;-1.0677630239;-0.8021276057
487.58749245;35.274322908;-1.3563841169;-1.0690052114;-0.8043072932
488.08750013;35.301966137;-1.3576184919;-1.0704869822;-0.8059778661
488.58750782;35.331484366;-1.3590442731;-1.0714453156;-0.8080260432
489.0875155;35.369466137;-1.360574221;-1.0725546905;-0.8098164078
489.58752319;35.39951822;-1.3620651065;-1.0737604197;-0.8103828141
490.08753087;35.429075512;-1.3636184919;-1.0747421905;-0.8123906265
490.58753855;35.463671866;-1.3652018252;-1.0758541697;-0.813585939
491.08754624;35.495013012;-1.3666640648;-1.0768854197;-0.8150481786
491.58755392;35.526302074;-1.3680091169;-1.0778880239;-0.8159986995
492.08756161;35.559401033;-1.369463544;-1.0790703156;-0.8172643245
492.58756929;35.592968741;-1.3710546898;-1.0801171905;-0.8185585953
493.08757697;35.625221345;-1.3725156273;-1.0811744822;-0.8198476578
493.58758466;35.661588533;-1.3740768252;-1.0824348989;-0.8199361995
494.08759234;35.68998697;-1.3754726585;-1.083343753;-0.8232812515
494.58760002;35.719661449;-1.3763046898;-1.0845390655;-0.8243997411
495.08760771;35.738177074;-1.3774101585;-1.0853776072;-0.8257552099
495.58761539;35.785481762;-1.3785664085;-1.0865208364;-0.8267864599
496.08762308;35.825247387;-1.3799622419;-1.0877994822;-0.828101564
496.58763076;35.852513012;-1.3814140648;-1.0887109405;-0.8293867203
497.08763844;35.881067699;-1.3826653669;-1.0896692739;-0.8308906265
497.58764613;35.915572907;-1.3838294294;-1.0910390655;-0.8321145849
498.08765381;35.945781241;-1.3849726585;-1.0921067739;-0.8333072932
498.5876615;35.975898428;-1.3863437523;-1.093125003;-0.834632814
499.08766918;36.010416657;-1.3878112002;-1.0940755239;-0.8361119807
499.58767686;36.044270824;-1.3892200544;-1.0950442739;-0.8375794286
500.08768455;36.072708324;-1.3906484398;-1.0963645864;-0.8385963557
500.58769223;36.101523428;-1.392104169;-1.0971979197;-0.8402083349
501.08769991;36.140859366;-1.3936718773;-1.0985026072;-0.8415937515
501.5877076;36.167812491;-1.3951171898;-1.0994401072;-0.8426914078
502.08771528;36.197109366;-1.3965703148;-1.1003958364;-0.8443450536
502.58772297;36.235117178;-1.398041669;-1.1015052114;-0.8458945328
503.08773065;36.263372387;-1.3994557315;-1.1025494822;-0.847772137
503.58773833;36.291848949;-1.4005976585;-1.1034635447;-0.848773439
504.08774602;36.326992178;-1.4019987002;-1.1045651072;-0.8500481786
504.5877537;36.358763012;-1.4034765648;-1.1056354197;-0.8511419286
505.08776139;36.38608072;-1.4049687523;-1.1066901072;-0.8526536474
505.58776907;36.416640616;-1.4064843773;-1.1077526072;-0.8537851578
506.08777675;36.454804678;-1.4079062523;-1.1089661489;-0.8554309911
506.58778444;36.48311197;-1.4094570335;-1.1100286489;-0.8568346369
507.08779212;36.512096345;-1.4109934919;-1.1110234405;-0.8583229182
507.58779981;36.549739574;-1.4124830752;-1.1117786489;-0.8598059911
508.08780749;36.578489574;-1.4139596377;-1.1127786489;-0.861287762
508.58781517;36.605624991;-1.4154362002;-1.1138489614;-0.8630898453
509.08782286;36.640950511;-1.416635419;-1.1148567739;-0.8645312515
509.58783054;36.674257803;-1.4181640648;-1.115921878;-0.8654622411
510.08783822;36.702070303;-1.4196406273;-1.1169427114;-0.8665755224
510.58784591;36.731536449;-1.4211132835;-1.1179869822;-0.8678541682
511.08785359;36.766901032;-1.4226171898;-1.1191067739;-0.8690182307
511.58786128;36.795078116;-1.4240716169;-1.1200130239;-0.8708645849
512.08786896;36.827135407;-1.4251966169;-1.1211041697;-0.8723841161
512.58787663;36.864765616;-1.4263294294;-1.1220651072;-0.8739127619
513.0878843;36.89451822;-1.4276783877;-1.122875003;-0.8752565119
513.58789198;36.923033845;-1.4288984398;-1.1239088572;-0.8764205745
514.08789965;36.958411449;-1.4301458356;-1.1249765655;-0.8777539078
514.58790732;36.990507803;-1.4315091169;-1.1261458364;-0.8790833349
515.08791499;37.018854157;-1.4326770856;-1.1271380239;-0.8803476578
515.58792266;37.045585928;-1.4339153669;-1.128015628;-0.8817369807
516.08793034;37.08529947;-1.435104169;-1.1291822947;-0.8822968765
516.58793801;37.112942699;-1.436386721;-1.1302604197;-0.883507814
517.08794568;37.141588532;-1.4378138044;-1.1317109405;-0.8850846369
517.58795335;37.175546866;-1.4392395856;-1.1326145864;-0.8866406265
518.08796103;37.205195303;-1.4405989606;-1.1334947947;-0.8875039078
518.5879687;37.235377595;-1.4421041689;-1.1346822947;-0.8887213557
519.08797637;37.263723949;-1.4435143252;-1.1356067739;-0.8905156265
519.58798404;37.298098949;-1.4449466169;-1.1366380239;-0.8915429703
520.08799171;37.332721345;-1.4464401064;-1.1376848989;-0.8929947932
520.58799939;37.36156249;-1.4478789085;-1.1386666697;-0.8944596369
521.08800706;37.390169261;-1.4490208356;-1.1397552114;-0.8963776057
521.58801473;37.419622386;-1.4505299502;-1.1408177114;-0.8977356786
522.0880224;37.456927074;-1.4521250023;-1.1416432322;-0.898664064
522.58803008;37.483619782;-1.4535208356;-1.1428229197;-0.8997500015
523.08803775;37.51217447;-1.4549765648;-1.143625003;-0.900945314
523.58804542;37.545703115;-1.456355471;-1.1447786489;-0.9023098974
524.08805309;37.576992178;-1.4578138044;-1.1457109405;-0.9036393244
524.58806076;37.607864574;-1.4591862002;-1.1466848989;-0.9050598974
525.08806844;37.635846345;-1.4606536481;-1.1476848989;-0.9064700536
525.58807611;37.664088532;-1.462074221;-1.148750003;-0.9079088557
526.08808378;37.698007803;-1.4635065127;-1.149765628;-0.9091940119
526.58809145;37.726731761;-1.4648697939;-1.1507604197;-0.9106992203
527.08809913;37.757591136;-1.465949221;-1.1517760447;-0.9124713557
527.5881068;37.787278636;-1.4673515648;-1.1528255239;-0.9138346369
528.08811447;37.81468749;-1.4687981794;-1.1539401072;-0.9151914078
528.58812214;37.852421865;-1.470199221;-1.1549010447;-0.9163880224
529.08812982;37.881588532;-1.4716263044;-1.155796878;-0.9176523453
529.58813749;37.90890624;-1.472996096;-1.1567291697;-0.9189101578
530.08814516;37.935755199;-1.4737252627;-1.1577135447;-0.9200781265
530.58815283;37.964388011;-1.4749921898;-1.158812503;-0.9215039078
531.0881605;38.001445303;-1.476417971;-1.1599114614;-0.923648439
531.58816818;38.028046865;-1.4773229189;-1.161046878;-0.9255286473
532.08817585;38.059270824;-1.4783789085;-1.162156253;-0.9268710953
532.58818352;38.086289053;-1.4796783877;-1.1632083364;-0.9276028661
533.08819119;38.116028636;-1.4809218773;-1.1642369822;-0.928710939
533.58819886;38.152174469;-1.4822317731;-1.1652786489;-0.9308111994
534.08820654;38.180260407;-1.4833372419;-1.1661692739;-0.9319739598
534.58821421;38.210260407;-1.4843737002;-1.166968753;-0.9327643244
535.08822188;38.237604157;-1.4856458356;-1.1679427114;-0.9337903661
535.58822955;38.265325511;-1.4870677106;-1.1690703155;-0.935445314
536.08823723;38.29874999;-1.4884791689;-1.1701744822;-0.9366523453
536.5882449;38.324049469;-1.4898164085;-1.1711848988;-0.9387513036
537.08825257;38.357799469;-1.4912760439;-1.1722395863;-0.9394375015
537.58826024;38.38437499;-1.4925807314;-1.173140628;-0.9408007828
538.08826792;38.414088532;-1.4939739606;-1.1742604197;-0.9421940119
538.58827559;38.442265615;-1.4954309919;-1.1753072947;-0.9437070328
539.08828326;38.467981761;-1.4964778669;-1.1761119822;-0.9454127619
539.58829093;38.501848948;-1.4976848981;-1.1770260447;-0.9470143244
540.0882986;38.52968749;-1.4990351585;-1.1779765655;-0.9466588557
540.58830628;38.559492178;-1.5004205752;-1.1789270864;-0.9484114598
541.08831395;38.592161448;-1.5019257835;-1.1799270864;-0.9497070328
541.58832162;38.621223949;-1.503277346;-1.1807239614;-0.951242189
542.08832929;38.649114573;-1.5047565127;-1.1818411488;-0.9521510432
542.58833697;38.676692698;-1.5059726585;-1.182765628;-0.9534492203
543.08834464;38.704127594;-1.5072877627;-1.1837526072;-0.9549361994
543.58835231;38.737278636;-1.5086770856;-1.184765628;-0.956554689
544.08835998;38.764609365;-1.5099973981;-1.1857135447;-0.9574231786
544.58836765;38.797460928;-1.5114101585;-1.1866770864;-0.9589335953
545.08837533;38.82437499;-1.512746096;-1.1875885447;-0.9603697932
545.588383;38.854739573;-1.5140833356;-1.1885572947;-0.9618723973
546.08839067;38.882161448;-1.515199221;-1.1895442738;-0.9628606786
546.58839834;38.90937499;-1.5164283877;-1.1904583364;-0.9641822932
547.08840602;38.937903636;-1.5178841168;-1.191546878;-0.9654101578
547.58841369;38.965130198;-1.5191640648;-1.1923828155;-0.9674309911
548.08842136;38.991966136;-1.5204765648;-1.193296878;-0.9681861994
548.58842903;39.023138011;-1.5218854189;-1.1942109405;-0.9688333348
549.0884367;39.050533844;-1.5226940127;-1.195093753;-0.9705911473
549.58844438;39.084348948;-1.5239388043;-1.1960651072;-0.9720729182
550.08845205;39.113841136;-1.5246718773;-1.1970286489;-0.9733658869
550.58845972;39.142317698;-1.5256393252;-1.197843753;-0.9749531265
551.08846739;39.170013011;-1.5267434918;-1.1989609405;-0.9762721369
551.58847507;39.197877594;-1.5275703148;-1.1998723989;-0.9771054703
552.08848274;39.224661448;-1.5287916689;-1.200875003;-0.978570314
552.58849041;39.251393219;-1.5297903668;-1.2016953155;-0.9797460953
553.08849808;39.279570302;-1.5310507835;-1.2027291697;-0.9811367203
553.58850575;39.309973948;-1.5323737002;-1.2035859405;-0.9823776057
554.08851343;39.334908844;-1.5334882835;-1.204546878;-0.9834492203
554.5885211;39.363307282;-1.5344752627;-1.2054322947;-0.9848437515
555.08852877;39.389960927;-1.5356979189;-1.206390628;-0.9859348973
555.58853644;39.416822907;-1.5369270856;-1.2073645863;-0.9876445328
556.10854442;39.449752594;-1.5382343773;-1.2083776072;-0.9886992203
556.60855209;39.47062499;-1.5393098981;-1.2092630238;-0.9900820328
557.10855977;39.506067698;-1.5406028668;-1.2102578155;-0.991554689
557.60856744;39.529427073;-1.5417565127;-1.2111067738;-0.9924947932
558.12857542;39.554101552;-1.5428489606;-1.2121822947;-0.9937773453
558.60858278;39.585664052;-1.5439661481;-1.2132395863;-0.9945143244
559.10859046;39.608815094;-1.5450338564;-1.2141119822;-0.9965950536
559.60859813;39.639778636;-1.5461393252;-1.2150755238;-0.9979492202
560.1086058;39.666341136;-1.5469257835;-1.216015628;-0.9995598973
560.60861347;39.694648427;-1.5482200543;-1.2169869822;-0.9992473973
561.10862115;39.723554677;-1.5494088564;-1.217953128;-1.0016562515
561.60862882;39.749830719;-1.5505950543;-1.2188619822;-1.0026992203
562.10863649;39.779023427;-1.5518007835;-1.219796878;-1.0040273453
562.60864416;39.802695302;-1.5529570335;-1.220734378;-1.0054309911
563.10865183;39.832278636;-1.5542500023;-1.2217734405;-1.0065325536
563.60865951;39.862252594;-1.5554283877;-1.2226901072;-1.0073242203
564.10866718;39.885546865;-1.556527346;-1.2234661488;-1.0082148453
564.60867485;39.919296865;-1.5578112002;-1.2244348988;-1.0103307307
565.12868283;39.946744781;-1.5590377627;-1.2254869822;-1.0114739599
565.72869204;39.976341136;-1.5598098981;-1.2255520863;-1.0120781265
566.2086994;40.001992177;-1.5598098981;-1.2255598988;-1.0120781265
566.60870554;40.02734374;-1.5625416689;-1.229203128;-1.0138268245
567.10871321;40.058684886;-1.5642526064;-1.2301484405;-1.0149062515
567.60872088;40.078033844;-1.5648802106;-1.2310755238;-1.0157604182
568.10872856;40.109479156;-1.566183596;-1.2320911488;-1.0167317724
568.60873623;40.136132802;-1.5674388043;-1.2330182322;-1.0180416682
569.1087439;40.160768219;-1.5686263043;-1.2338932322;-1.0190455745
569.60875157;40.188697906;-1.5699192731;-1.234843753;-1.0203463557
570.10875925;40.213085927;-1.571152346;-1.2357395863;-1.0218424495
570.60876692;40.238893219;-1.5723424502;-1.2366432322;-1.0232799495
571.10877459;40.266901031;-1.5733489606;-1.2375520863;-1.0244244807
571.60878226;40.291536448;-1.5742005231;-1.2384088572;-1.0256809911
572.10878993;40.319609365;-1.5750859397;-1.2393359405;-1.0270625015
572.60879761;40.348515615;-1.5758893252;-1.2400494822;-1.0277187515
573.10880528;40.376809885;-1.5771601585;-1.2409401072;-1.0289309911
573.60881295;40.404322906;-1.5784088564;-1.2417760447;-1.0301835953
574.10882062;40.43187499;-1.5793880231;-1.2426380238;-1.0313750015
574.60882829;40.458984365;-1.5804544293;-1.2434557322;-1.0324739599
575.10883597;40.485026031;-1.5816875022;-1.2443359405;-1.0336731786
575.60884364;40.513645823;-1.5829479189;-1.2452578155;-1.0348554703
576.10885131;40.539127594;-1.5839791689;-1.2462630238;-1.0361653661
576.60885898;40.564739573;-1.5850325543;-1.2471484405;-1.0374700536
577.10886666;40.592799469;-1.5862369814;-1.2480520863;-1.0387773453
577.60887433;40.612434885;-1.5873919293;-1.2489244822;-1.0399283869
578.108882;40.645690094;-1.5887122418;-1.2499947947;-1.0410664078
578.60888967;40.67109374;-1.5899505231;-1.2509322947;-1.0423919286
579.10889735;40.693151031;-1.5912096377;-1.2517109405;-1.0436848974
579.60890502;40.722317698;-1.5924348981;-1.2525234405;-1.0451054703
580.10891269;40.746354156;-1.5936953147;-1.2533854197;-1.0463932307
580.60892036;40.773307281;-1.5949921897;-1.2542265655;-1.047444012
581.10892803;40.801171865;-1.5963229189;-1.2548463572;-1.0487070328
581.60893571;40.82828124;-1.5972864606;-1.2556796905;-1.0500494807
582.10894338;40.853697906;-1.598496096;-1.2564765655;-1.0512760432
582.60895105;40.872421865;-1.5997408877;-1.2573072947;-1.0525611994
583.12895903;40.898893219;-1.6011575543;-1.2580260447;-1.0540247411
583.6089664;40.926197906;-1.6023359397;-1.2587864613;-1.0554544286
584.10897407;40.953411448;-1.6036289085;-1.2595234405;-1.0569960953
584.60898174;40.978697906;-1.6049661481;-1.2603697947;-1.0585143244
585.10898941;41.003828115;-1.6062278668;-1.2611640655;-1.0599023453
585.60899708;41.026979156;-1.6074388043;-1.2619635447;-1.0612513036
586.10900476;41.049036448;-1.608824221;-1.2627135447;-1.0627486994
586.60901243;41.076158844;-1.6100364606;-1.2634765655;-1.0642942724
587.1090201;41.101614573;-1.6113658877;-1.2642604197;-1.0656666682
587.60902777;41.121158844;-1.6125247418;-1.265000003;-1.0668007828
588.10903545;41.147330719;-1.613496096;-1.2658359405;-1.0687187515
588.60904312;41.170143219;-1.6147838564;-1.266421878;-1.0705742203
589.10905079;41.191197906;-1.6161250022;-1.267109378;-1.0721054703
589.60905846;41.211302073;-1.6174557314;-1.2677916697;-1.0736888036
590.10906613;41.237929677;-1.6187565126;-1.2684635447;-1.0765117203
590.60907381;41.261445302;-1.6200872418;-1.2691848988;-1.0778033869
591.10908148;41.279752594;-1.6214596377;-1.2697083363;-1.0790924494
591.60908915;41.265299469;-1.6209830751;-1.271140628;-1.0801367203
592.10909682;41.287864573;-1.6218697939;-1.271859378;-1.0817369807
592.6091045;41.307460927;-1.6225976585;-1.2723619822;-1.0822929703
593.10911217;41.334505198;-1.6236028668;-1.2729140655;-1.0845989599
593.60911984;41.360039052;-1.6242721376;-1.2733697947;-1.0866875015
594.10912751;41.375611969;-1.6256080751;-1.2738489613;-1.0889817724
594.60913518;41.402161448;-1.6267578147;-1.2741302113;-1.0909882828
595.12914316;41.416471344;-1.6282291689;-1.2744010447;-1.0925833349
595.60915053;41.434921864;-1.6294726585;-1.2745755238;-1.0951145849
596.1091582;41.454687489;-1.630871096;-1.2747734405;-1.0970182307
596.60916587;41.470872385;-1.6320260439;-1.2749505238;-1.0979544286
597.10917355;41.48110676;-1.6336666689;-1.274890628;-1.1014726578
597.60918122;41.483958323;-1.6352786481;-1.2745078155;-1.1049674494
598.10918889;41.483854156;-1.6373463564;-1.2736588572;-1.1089817723
598.60919656;41.466653635;-1.6394570335;-1.2721380238;-1.1136184911
599.10920423;41.434218739;-1.6417356793;-1.2699166697;-1.117976564
599.60921191;41.33376301;-1.6448893251;-1.2636223988;-1.1271028661