0.6000092188;0.7025781248;6.627583788E-04;-4.203128919E-03;3.091144346E-03
1.1000169013;0.7040494789;7.122375391E-04;-4.213545587E-03;3.23176934E-03
1.5800242764;0.7024088539;6.640604551E-04;-4.216149754E-03;3.174477678E-03
2.0800319588;0.7033333331;6.497375434E-04;-4.203128919E-03;3.230467264E-03
2.5800396413;0.7039322914;6.419250421E-04;-4.221358089E-03;3.173175595E-03
3.0800473237;0.7030989581;6.289042066E-04;-4.203128919E-03;3.097654764E-03
3.5800550061;0.7029296873;6.953104602E-04;-4.21094142E-03;3.12109226E-03
4.0800626885;0.7031640623;6.39320875E-04;-4.218753922E-03;3.134113096E-03
4.5800703709;0.7015755206;6.445292092E-04;-4.22917059E-03;3.095050597E-03
5.0800780534;0.7024869789;7.773417019E-04;-4.21094142E-03;3.138019346E-03
5.5800857358;0.7034765623;6.601542118E-04;-4.252608079E-03;3.175779762E-03
6.0800934182;0.7031510414;6.940083694E-04;-4.242191411E-03;3.148436007E-03
6.5801011006;0.7044401039;7.539042126E-04;-4.242191411E-03;3.089842262E-03
7.080108783;0.7015104164;7.16143797E-04;-4.242191411E-03;3.194008924E-03
7.5801164655;0.7019921873;6.861958681E-04;-4.244795578E-03;3.214842261E-03
8.0801241479;0.7015755206;6.562479538E-04;-4.226566423E-03;3.174477678E-03
8.5801318303;0.7013281248;6.302062975E-04;-4.255212246E-03;3.16406101E-03
9.0801395127;0.7017187498;6.458312855E-04;-4.244795578E-03;3.216144345E-03
9.5801471952;0.7024999998;6.210917054E-04;-4.247399745E-03;3.143227673E-03
10.080154878;0.7029296873;6.979146273E-04;-4.22917059E-03;3.25390476E-03
10.58016256;0.7027083331;6.145812949E-04;-4.265628915E-03;3.128904762E-03
11.080170242;0.7016015623;6.10675037E-04;-4.234378924E-03;3.166665177E-03
11.580177925;0.7029947914;6.197896291E-04;-4.263024748E-03;3.115883926E-03
12.080185607;0.7024218748;7.213521166E-04;-4.242191411E-03;3.147133924E-03
12.58019329;0.7033854164;6.536437867E-04;-4.244795578E-03;3.115883926E-03
13.080200972;0.7016796873;6.184875383E-04;-4.247399745E-03;3.154946425E-03
13.580208655;0.7514843748;5.104146257E-04;-4.406253923E-03;3.127602678E-03
14.080216337;0.8204427081;2.98175044E-04;-4.695316412E-03;3.131508929E-03
14.580224019;0.8855468747;1.210917107E-04;-4.971358081E-03;3.095050597E-03
15.080231702;0.9487369789;5.077921378E-05;-5.200524756E-03;3.018227675E-03
15.580239384;1.0160416664;-2.643249608E-04;-5.523441417E-03;2.930988092E-03
16.080247067;1.0840624997;-4.453145375E-04;-5.778649749E-03;2.848956843E-03
16.580254749;1.1505729164;-7.460957858E-04;-6.049483083E-03;2.725258928E-03
17.080262431;1.219348958;-1.029949955E-03;-6.29948308E-03;2.644529762E-03
17.580270114;1.287708333;-1.341147872E-03;-6.593753918E-03;2.544269344E-03
18.080277796;1.3598697913;-1.611981206E-03;-6.885420589E-03;2.417967261E-03
18.580285479;1.4324218746;-1.891929132E-03;-7.190108081E-03;2.333331845E-03
19.080293161;1.5042447913;-2.256512452E-03;-7.463545582E-03;2.220050591E-03
19.580300844;1.5742968746;-2.645835382E-03;-7.778649756E-03;2.109373512E-03
20.080308526;1.6444791662;-2.890627045E-03;-8.083337248E-03;2.002602675E-03
20.580316208;1.7173437496;-3.199220795E-03;-8.388024754E-03;1.889321429E-03
21.080323891;1.7937760412;-3.627606201E-03;-8.692712246E-03;1.670571429E-03
21.580331573;1.865273437;-4.007814539E-03;-9.018233089E-03;1.471352676E-03
22.080339256;1.9427473953;-4.269533295E-03;-9.307295578E-03;1.40885268E-03
22.580346938;2.014101562;-4.567710377E-03;-9.611983085E-03;1.277342264E-03
23.080354621;2.085117187;-4.98567913E-03;-9.934899746E-03;1.00650893E-03
23.580362303;2.1596223953;-5.294272879E-03;-0.0102421914;9.635401802E-04
24.080369985;2.2320833328;-5.526043707E-03;-0.0105364622;9.088526785E-04
24.580377668;2.3042057286;-5.929689534E-03;-0.0108697955;8.684880958E-04
25.08038535;2.3738802077;-6.240887458E-03;-0.0111640664;7.304672617E-04
25.580393033;2.4438411452;-6.540366623E-03;-0.0114843789;7.552068418E-04
26.080400715;2.5149218744;-6.882814537E-03;-0.0117552122;5.54686012E-04
26.580408397;2.5804427077;-7.197918705E-03;-0.0120546914;5.195297635E-04
27.08041608;2.6481901035;-7.58463746E-03;-0.012346358;3.359360125E-04
27.580423762;2.7151171868;-7.863283288E-03;-0.0126354205;2.226547585E-04
28.080431445;2.7833984368;-8.21224162E-03;-0.0129114622;9.114434215E-05
28.580439127;2.8484374993;-8.442710372E-03;-0.0131979205;3.906101483E-05
29.08044681;2.9156770826;-8.792970787E-03;-0.0134687539;-9.895981929E-05
29.580454492;2.9835677076;-9.087241625E-03;-0.0137447955;-1.757827412E-04
30.080462174;3.0440494784;-9.408856203E-03;-0.0139921914;-2.786473196E-04
30.580469857;3.1108463534;-9.78515829E-03;-0.0142552122;-2.200535745E-04
31.080477539;3.1778385409;-0.0100664082;-0.0145416705;-4.127619031E-04
31.580485222;3.2451171867;-0.0103463562;-0.0147890664;-4.505223187E-04
32.080492904;3.311341145;-0.0106914082;-0.0150156289;-4.401056576E-04
32.580500587;3.37266927;-0.0109830749;-0.0152630247;-5.546889879E-04
33.080508269;3.4385937491;-0.0113606791;-0.0154921914;-5.468764866E-04
33.580515951;3.5061067699;-0.0118007832;-0.0157265664;-6.106785731E-04
34.080523634;3.5748958324;-0.0121627624;-0.0159609414;-4.648452377E-04
34.580531316;3.6413151032;-0.0126380228;-0.0161614622;-4.856785744E-04
35.080538999;3.7039322907;-0.0130533874;-0.0163437539;-3.750014875E-04
35.580546681;3.7706640615;-0.0134882832;-0.0165703164;-4.687514883E-04
36.080554364;3.8367708324;-0.0139557312;-0.0167291705;-3.776056546E-04
36.580562046;3.9034114573;-0.0145286478;-0.0168854205;-1.979181543E-04
37.080569728;3.9683463532;-0.0151106791;-0.016971358;1.197901801E-04
37.580577411;4.0328385406;-0.015796877;-0.0170104205;5.729151744E-04
38.080585093;4.0990624989;-0.0163815124;-0.017190108;7.187485098E-04
38.580592776;4.1624088531;-0.0168684916;-0.017361983;8.268214296E-04
39.080600458;4.2276432281;-0.0172565124;-0.0175546914;8.906235088E-04
39.58060814;4.2905598947;-0.0176731791;-0.0177942747;9.322901751E-04
40.080615823;4.3542968739;-0.0180911478;-0.0179687539;1.091144346E-03
40.580623505;4.4193359364;-0.0185455749;-0.0182005247;1.076821427E-03
41.080631188;4.4833723947;-0.0189257832;-0.018393233;1.263019345E-03
41.58063887;4.548893228;-0.0193242207;-0.018580733;1.374998508E-03
42.080646553;4.6124999988;-0.0198111999;-0.018768233;1.753904762E-03
42.580654235;4.672799478;-0.0202669291;-0.0189427122;2.143227677E-03
43.080661917;4.736705728;-0.0207291687;-0.0191093789;2.579425592E-03
43.5806696;4.7956249988;-0.0212070332;-0.019299483;2.992186011E-03
44.080677282;4.8611328113;-0.0216328145;-0.0194765664;3.197915175E-03
44.580684965;4.9252083321;-0.0221783874;-0.0196666705;3.559894343E-03
45.080692647;4.9880859362;-0.0227239603;-0.0198177122;3.843748512E-03
45.58070033;5.049114582;-0.0231757832;-0.0200052122;4.134113092E-03
46.080708012;5.1113151029;-0.0236536478;-0.0201692747;4.386717257E-03
46.580715694;5.1742317695;-0.0241692728;-0.020346358;4.661456841E-03
47.080723377;5.2344921862;-0.0247604187;-0.0204973997;5.029946427E-03
47.580731059;5.3026171861;-0.0252539082;-0.0206354205;5.182290173E-03
48.080738742;5.3626041653;-0.0256627624;-0.0208177122;5.51562351E-03
48.580746424;5.4271484361;-0.0262643249;-0.0209609414;5.541665174E-03
49.080754106;5.4867838528;-0.0267929707;-0.0211093789;5.902342258E-03
49.580761789;5.5520572902;-0.0271484395;-0.0212734414;6.312498509E-03
50.080769471;5.6129166652;-0.0275117207;-0.0213854205;6.548175595E-03
50.580777154;5.6751302069;-0.0281328145;-0.0215312539;6.822915173E-03
51.080784836;5.7396874985;-0.028671877;-0.0216640664;7.177081839E-03
51.580792519;5.8045312485;-0.0290638041;-0.0218046914;7.44661309E-03
52.080800201;5.870039061;-0.0296393249;-0.0219270872;7.807290174E-03
52.580807883;5.934101561;-0.0302942728;-0.0220885455;8.085936009E-03
53.080815566;6.0025260401;-0.0308255228;-0.0222317747;8.406248511E-03
53.580823248;6.0662239568;-0.0313229187;-0.0223958372;8.707029759E-03
54.080830931;6.1268749984;-0.0319205749;-0.0225312539;9.028644344E-03
54.580838613;6.1945442693;-0.0324856791;-0.0226354205;9.316404757E-03
55.080846296;6.2600781234;-0.0330390645;-0.0227395872;9.631508924E-03
55.580853978;6.3266145817;-0.0338658874;-0.0228593789;9.902342259E-03
56.08086166;6.3887369775;-0.0344817728;-0.0229973997;0.0102239568
56.580869343;6.454479165;-0.0351015645;-0.0231406289;0.0105885401
57.080877025;6.5200390608;-0.0355338562;-0.023268233;0.0109817693
57.580884708;6.5799609358;-0.0362434916;-0.0233802122;0.0113919255
58.08089239;6.6469140608;-0.0368216166;-0.0235104205;0.0117864568
58.580900072;6.7125520816;-0.0372838562;-0.023721358;0.0121940089
59.080907755;6.7725130191;-0.0375429707;-0.0238489622;0.0127929672
59.580915437;6.8362630191;-0.0380820332;-0.0240859414;0.0134414047
60.08092312;6.8999739566;-0.0386223978;-0.0241692747;0.0142252589
60.580930802;6.9607291649;-0.0392773457;-0.0242473997;0.0151393214
61.080938485;7.025481769;-0.0400130228;-0.0243567747;0.0161223943
61.580946167;7.0870182274;-0.0409166687;-0.024486983;0.0170481755
62.080953849;7.1513802065;-0.0419036478;-0.0246458372;0.018430988
62.580961532;7.2145963523;-0.0428554707;-0.0247942747;0.0195429672
63.080969214;7.2772395815;-0.0439153666;-0.024877608;0.0206119776
63.580976897;7.3405078106;-0.0448789082;-0.0249348997;0.0213945297
64.080984579;7.3994531231;-0.045843752;-0.024955733;0.0222187485
64.58099226;7.4640104148;-0.0468632832;-0.0250677122;0.0231093735
65.101000248;7.5310286439;-0.0476744812;-0.0251770872;0.024024738
65.601007929;7.5916406231;-0.048421877;-0.0253177122;0.0249010401
66.10101561;7.6553776022;-0.0493385437;-0.025455733;0.0258333318
66.601023291;7.7144791647;-0.0503046895;-0.0256041705;0.0268138005
67.101030972;7.777578123;-0.0513880228;-0.0257291705;0.0279218735
67.601038653;7.835390623;-0.0523606791;-0.0258541705;0.0289596339
68.101046334;7.8981901021;-0.0532486999;-0.0261041705;0.0300299464
68.601054015;7.9604036438;-0.0540703145;-0.0263645872;0.0310286443
69.101061696;8.019140623;-0.0550716166;-0.0266093789;0.0321835922
69.601069377;8.0823046854;-0.056234377;-0.0267890664;0.0335026026
70.101077058;8.1384244771;-0.0571914082;-0.0269296914;0.0346549464
70.601084739;8.1658593729;-0.0582890645;-0.0270833372;0.0355937485
71.10109242;8.2602864562;-0.0594296895;-0.027268233;0.0366106755
71.601100101;8.316158852;-0.0602395853;-0.0274921914;0.0376223943
72.101107781;8.3770442687;-0.0612734395;-0.027690108;0.0386718735
72.601115462;8.4308854145;-0.0626132832;-0.0278229205;0.0400651026
73.101123143;8.4889192687;-0.0636549499;-0.0280520872;0.041321613
73.601130824;8.5430078103;-0.0647734395;-0.0282916705;0.0427447901
74.101138505;8.5964843728;-0.0664947936;-0.0287135455;0.044712238
74.601146186;8.6528385394;-0.0676236999;-0.0289635455;0.0458749985
75.101153867;8.7014192686;-0.068671877;-0.0294218789;0.0466783839
75.601161548;8.7527473936;-0.0697942728;-0.0299453164;0.047243488
76.101169229;8.8117968727;-0.0709140645;-0.0303515664;0.0480846339
76.60117691;8.8654817686;-0.0721276061;-0.0307708372;0.0490429672
77.101184591;8.9183463519;-0.0736015645;-0.0311458372;0.050040363
77.601192272;8.9641015602;-0.074625002;-0.0315677122;0.0509492172
78.101199953;9.0177213519;-0.0757864603;-0.0321041705;0.0520520818
78.601207634;9.0661067685;-0.0771979186;-0.0326145872;0.0534518214
79.101215315;9.114505206;-0.0785598978;-0.0331536497;0.054743488
79.601222996;9.1679817685;-0.0799674499;-0.0338984414;0.0561236964
80.101230677;9.2132812476;-0.0820911478;-0.0344479205;0.0579973943
80.601238358;9.2639843726;-0.0839570332;-0.0350130247;0.0595208318
81.101246039;9.3090755185;-0.0855690124;-0.0356067747;0.0605755193
81.60125372;9.3601432268;-0.0873528666;-0.036596358;0.0616731755
82.101261401;9.4073437476;-0.088734377;-0.037721358;0.0621484359
82.601269082;9.4484244768;-0.0910351582;-0.0389921914;0.0621848943
83.101276763;9.4965755184;-0.094562502;-0.040346358;0.0633476547
83.601284444;9.5412239559;-0.0973320332;-0.0413828164;0.0643151026
84.101292125;9.5888411434;-0.0995950541;-0.0429296914;0.0643177068
84.601299806;9.6327343725;-0.1021497416;-0.0443515664;0.0637252589
85.101307487;9.6816406225;-0.104531252;-0.0455625039;0.0635351547
85.601315168;9.7116927059;-0.1156809916;-0.0451692747;0.0547187485
86.101322849;9.7291145808;-0.1345195332;-0.0410156289;0.0569830714
86.60133053;9.78191406;-0.138095054;-0.0408854205;0.058523436
87.10133821;9.8330598933;-0.140796877;-0.0409479205;0.0598124985
87.601345891;9.8735807266;-0.1435208353;-0.0412604205;0.060960936
88.101353572;9.9212239558;-0.1463372415;-0.0413854205;0.0620963526
88.601361253;9.9692317683;-0.1486796895;-0.041549483;0.0629999985
89.101368934;10.015924477;-0.1534453145;-0.0409739622;0.062415363
89.601376615;10.056692706;-0.159016929;-0.039799483;0.0623763005
90.101384296;10.098515622;-0.1652643249;-0.0389739622;0.0610377589
90.601391977;10.139869789;-0.1732578145;-0.037455733;0.0601080714
91.101399658;10.180846352;-0.1789205749;-0.0371197955;0.0584596339
91.601407339;10.221992185;-0.1836523457;-0.036940108;0.056148436
92.10141502;10.253736977;-0.1895976582;-0.0369583372;0.0514414047
92.601422701;10.289947914;-0.1957343769;-0.0361458372;0.0500677068
93.101430382;10.325182289;-0.2048072936;-0.0344739622;0.0477239568
93.601438063;10.357838539;-0.2137408874;-0.0330260455;0.0477356755
94.101445744;10.398177081;-0.2209778665;-0.0321145872;0.0471549464
94.601453425;10.427526039;-0.2269791686;-0.0315156289;0.045618488
95.101461106;10.453124997;-0.2329583353;-0.0306484414;0.0444270818
95.601468787;9.9703255183;-0.2313554707;-0.0292604205;0.0459700505
96.101476468;10.077877602;-0.232266929;-0.0298020872;0.0461432276
96.601484149;10.178723956;-0.2333971374;-0.0302031289;0.046148436
97.10149183;10.259700518;-0.2346276061;-0.0306796914;0.0457630193
97.601499511;10.334140622;-0.2358059915;-0.0313411497;0.0451354151
98.101507192;10.397929685;-0.2376432311;-0.0320833372;0.0445533839
98.601514873;10.444778643;-0.2393059915;-0.0327890664;0.0439947901
99.101522554;10.491497393;-0.2411380228;-0.033471358;0.043743488
99.601530235;10.543802081;-0.242985679;-0.0342968789;0.0433619776
100.10153792;10.579973956;-0.2448359394;-0.0350442747;0.0430182276
100.6015456;10.620598956;-0.2465989603;-0.0361250039;0.0428567693
101.10155328;10.661640622;-0.2483697936;-0.0370885455;0.0427526026
101.60156096;10.693216143;-0.2504869811;-0.0386302122;0.0418749985
102.10156864;10.729166664;-0.2524778665;-0.0405546914;0.040617186
102.60157632;10.758697914;-0.2545104186;-0.0427343789;0.039445311
103.101584;10.790624997;-0.256298179;-0.0448333372;0.0393476547
103.60159168;10.812825518;-0.2578216165;-0.0470677122;0.0388658839
104.10159936;10.826054685;-0.2590221373;-0.0494661497;0.0377083318
104.60160704;10.817096351;-0.2526666686;-0.0721562539;0.0163294255
105.10161473;10.852942706;-0.2497135436;-0.0856302122;7.356769339E-03
105.60162241;10.905716143;-0.2496432311;-0.0932343788;4.001300592E-03
106.10163009;10.93472656;-0.2513645853;-0.1002265664;-3.7721369E-03
106.60163777;10.952682289;-0.2556666686;-0.1026875039;-5.890626489E-03
107.10164545;10.989388018;-0.2579583353;-0.105783858;-8.191407738E-03
107.60165313;11.029856768;-0.260907554;-0.1081145872;-9.967449404E-03
108.10166081;10.357187497;-0.2583645853;-0.1061484413;-8.792970234E-03
108.60166849;10.476940101;-0.2596744811;-0.1071640663;-9.046876482E-03
109.10167617;10.596835935;-0.2611445332;-0.1081197955;-9.536459816E-03
109.60168385;10.701901039;-0.2625390644;-0.109315108;-0.0101562514
110.10169154;10.790377601;-0.2639687519;-0.110799483;-0.011321616
110.60169922;10.869505206;-0.265298179;-0.112486983;-0.0123736994
111.1017069;10.935364581;-0.2665976582;-0.1143229205;-0.0138177098
111.60171458;10.999843747;-0.2678255228;-0.1163437538;-0.0154244806
112.10172226;11.055716143;-0.2691588561;-0.1182656288;-0.0167500014
112.60172994;10.402591143;-0.2608046894;-0.1171536497;-0.0142044285
113.10173762;10.530572914;-0.2618333353;-0.1182239622;-0.0146158869
113.6017453;10.646770831;-0.2627604186;-0.1192630247;-0.0152460952
114.10175298;10.750390622;-0.2636979186;-0.1204843788;-0.0159882827
114.60176066;10.842356768;-0.2644908873;-0.1219661497;-0.0169479181
115.10176834;10.918411456;-0.2651861998;-0.1235156288;-0.0179114598
115.60177603;10.990572914;-0.266095054;-0.1253359413;-0.0191562514
116.10178371;11.057109372;-0.2667460957;-0.1272421913;-0.0203411473
116.60179139;10.34191406;-0.2580260436;-0.1257734413;-0.0178515639
117.10179907;10.470247393;-0.2587877624;-0.126846358;-0.0181848973
117.60180675;10.590924476;-0.2598541686;-0.1277421913;-0.0185755223
118.10181443;10.704687497;-0.2607773457;-0.1287552122;-0.0190950535
118.60182211;10.801679685;-0.2615807311;-0.129971358;-0.0196992202
119.10182979;10.886640622;-0.2622473978;-0.1313671913;-0.0205638035
119.60183747;10.965416664;-0.2626627623;-0.1330468788;-0.0216523452
120.10184515;11.03550781;-0.2631093769;-0.1348437538;-0.0226783869
120.60185284;10.378229164;-0.2552343769;-0.1328567747;-0.0196692723
121.10186052;10.499479164;-0.2562565124;-0.1336145872;-0.0200820327
121.6018682;10.623671872;-0.2571250019;-0.1345572955;-0.0206471369
122.10187588;10.734205726;-0.2580195332;-0.1355625038;-0.0211848973
122.60188356;10.829049476;-0.2587330748;-0.1368359413;-0.0219166681
123.10189124;10.91613281;-0.2592708353;-0.1383333372;-0.0228020848
123.60189892;10.994973956;-0.2596015644;-0.1401979205;-0.0240390639
124.1019066;11.040807289;-0.2573125019;-0.1539635455;-0.0412005223
124.60191428;10.816874997;-0.2538072936;-0.1564531288;-0.0428242202
125.10192196;10.568307289;-0.2506966165;-0.1560833372;-0.0415052098
125.60192965;10.692304685;-0.2516536478;-0.1573750038;-0.0418111993
126.10193733;10.803776039;-0.2524583353;-0.1588750038;-0.0423359389
126.60194501;10.90410156;-0.2528997415;-0.1608697955;-0.042930991
127.10195269;10.991927081;-0.2531653665;-0.163174483;-0.0439596369
127.60196037;11.063658851;-0.2532486999;-0.1656015663;-0.0452187514
128.10196805;11.126692705;-0.2531250019;-0.1686015663;-0.0465794285
128.60197573;11.17863281;-0.2526705749;-0.1722421913;-0.0485729181
129.10198342;11.226536455;-0.2519739603;-0.1759192747;-0.0507174493
129.6019911;11.267109372;-0.251470054;-0.1793593788;-0.0527708348
130.10199879;10.758124997;-0.2450130228;-0.1786145872;-0.050977866
130.60200647;10.879049476;-0.2457994811;-0.1798906288;-0.0515898452
131.10201415;10.991822914;-0.2464505228;-0.1814192747;-0.0523893244
131.60202184;11.08973958;-0.2468723978;-0.1833489622;-0.0532825535
132.10202952;11.169713539;-0.2469843769;-0.185736983;-0.0544856785
132.60203721;11.234218747;-0.2470494811;-0.188252608;-0.055930991
133.10204489;11.300455726;-0.2470364603;-0.1910000038;-0.0575390639
133.60205257;11.35583333;-0.2470416686;-0.1938385455;-0.0592005223
134.10206026;11.40145833;-0.2469804707;-0.1967239622;-0.0610221368
134.60206794;11.453880205;-0.2469895853;-0.199768233;-0.0629283868
135.10207562;11.497773435;-0.2469960957;-0.2029375038;-0.0648645848
135.60208331;11.538997393;-0.2468476582;-0.2063385455;-0.0672617202
136.10209099;11.03957031;-0.2408515644;-0.204846358;-0.0651510431
136.60209868;11.156562497;-0.2416223978;-0.2063020872;-0.0658033868
137.10210636;11.269023435;-0.2424101582;-0.207893233;-0.0667994806
137.60211404;11.359817705;-0.2427226582;-0.210627608;-0.0689557306
138.10212173;11.434804685;-0.2421979186;-0.2148645871;-0.0727630223
138.60212941;11.496796872;-0.2421666686;-0.218518233;-0.0764388035
139.1021371;11.560429685;-0.2419947936;-0.221986983;-0.0791731785
139.60214478;11.61660156;-0.2420286478;-0.2255625038;-0.0817460952
140.10215246;11.660377601;-0.2429661478;-0.2300755247;-0.0854231785
140.60216015;11.703242185;-0.2423502624;-0.2359479205;-0.0901002618
141.10216783;11.737877601;-0.2395026061;-0.2384817746;-0.0959036473
141.76217797;11.771874997;-0.2395026061;-0.238549483;-0.0959036473
142.1021832;11.327252601;-0.2336692728;-0.2580104205;-0.1013398452
142.60219088;11.437799476;-0.2324218769;-0.2598593788;-0.1036861993
143.10219857;11.548229164;-0.2328593769;-0.2620989621;-0.1048658868
143.60220625;11.641223955;-0.2333281269;-0.2646640663;-0.1065468764
144.10221393;11.714869789;-0.2336979186;-0.2673828163;-0.1085950535
144.60222162;11.775065101;-0.2339153665;-0.2702135455;-0.1107799493
145.1022293;11.827473955;-0.2341145853;-0.2733567746;-0.1132460952
145.60223699;11.884609372;-0.2345651061;-0.276393233;-0.1156132827
146.10224467;11.929127601;-0.2349635436;-0.2792395871;-0.1178007827
146.60225235;11.859296872;-0.2339140644;-0.2820729205;-0.1203346368
147.10226004;11.899791664;-0.2336770853;-0.2847578163;-0.1221406264
147.60226772;11.96333333;-0.2338333353;-0.2878098996;-0.1242265639
148.10227541;12.021679684;-0.2342161478;-0.291111983;-0.127040366
148.60228309;12.057018226;-0.2342890644;-0.2955703163;-0.1313177097
149.10229077;12.093971351;-0.2339557311;-0.3012265663;-0.1376601577
149.60229846;12.126432289;-0.2352161478;-0.3039739621;-0.1418007827
150.10230614;12.050247393;-0.235188804;-0.3056770871;-0.1443658868
150.60231382;12.074882809;-0.2343541686;-0.309908858;-0.1465416681
151.10232151;12.126015622;-0.233829429;-0.3144739621;-0.149430991
151.60232919;12.166210934;-0.2338802103;-0.317643233;-0.1521054702
152.10233688;12.194479164;-0.2340364603;-0.3200052121;-0.1543776056
152.60234456;12.20942708;-0.2343476582;-0.3220104205;-0.1562617202
153.10235224;12.220794268;-0.2344283874;-0.3236692746;-0.1578489597
153.60235993;12.245924476;-0.2346380228;-0.3253671913;-0.1595221368
154.10236761;12.273268226;-0.2349218769;-0.3270989621;-0.1613268243
154.6023753;12.293346351;-0.2351484394;-0.3287552121;-0.1628932306
155.10238298;12.306549476;-0.2352773457;-0.3302317746;-0.1642630222
155.60239066;12.322122393;-0.2353528665;-0.3317447955;-0.1655338556
156.10239835;12.320729164;-0.2353554707;-0.3331979205;-0.165884116
156.60240603;11.995950518;-0.2311393249;-0.3292343788;-0.1628802097
157.10241372;10.700872393;-0.2226393249;-0.3130572955;-0.1478020847
157.6024214;10.830299476;-0.2238151061;-0.3138645871;-0.1483619806
158.10242908;10.952565101;-0.2248710957;-0.3149765663;-0.1489270847
158.60243677;11.064205726;-0.2258541686;-0.3160416705;-0.149368491
159.10244445;11.163906247;-0.2268841165;-0.3170729205;-0.1497669285
159.60245213;11.257447914;-0.2278750019;-0.3181614621;-0.1504986993
160.10245982;11.34255208;-0.2287304707;-0.3192343788;-0.1513359389
160.6024675;11.386536455;-0.229048179;-0.3201406288;-0.1519361993
161.10247519;10.39910156;-0.2202682311;-0.3095937538;-0.1423515639
161.60248287;10.529947914;-0.2215065124;-0.310174483;-0.142493491
162.10249055;10.657877601;-0.2228281269;-0.311111983;-0.142899741
162.60249824;10.769947914;-0.223923179;-0.3121380246;-0.1435039077
163.10250592;10.874231768;-0.2246809915;-0.3132187538;-0.1443541681
163.60251361;10.964531247;-0.2255546894;-0.3142760455;-0.1452513035
164.10252129;11.061171872;-0.2262890644;-0.3153854205;-0.1461458347
164.60252897;11.139778643;-0.2268958353;-0.3164375038;-0.1469700535
165.10253666;10.619062497;-0.221829429;-0.3125468788;-0.1429700535
165.60254434;10.634739581;-0.2222942728;-0.3118333371;-0.1415234389
166.10255203;10.754791664;-0.2235455749;-0.3125781288;-0.1418072931
166.60255971;10.871783851;-0.2246432311;-0.3136041705;-0.142368491
167.10256739;10.987278643;-0.225688804;-0.3147265663;-0.1430846368
167.60257508;11.092838539;-0.2265104186;-0.315846358;-0.1439023452
168.10258276;11.19378906;-0.2275989603;-0.3169921913;-0.1447708347
168.60259044;11.290898435;-0.2285976582;-0.3182161496;-0.1456783868
169.10259813;11.38177083;-0.2294088561;-0.3194192746;-0.1465625014
169.60260581;11.464999997;-0.2300898457;-0.320627608;-0.1473854181
170.1026135;11.53786458;-0.2307617207;-0.3217473996;-0.1481471368
170.60262118;11.627187497;-0.2315872415;-0.3230520871;-0.1489986993
171.10262886;11.71628906;-0.2322903665;-0.3243697955;-0.1499322931
171.60263655;11.802981768;-0.2329648457;-0.3257291705;-0.1509075535
172.10264423;11.890898434;-0.2337721374;-0.3271458371;-0.1517825535
172.60265192;11.966914059;-0.2344817728;-0.3285677121;-0.1527070327
173.1026596;12.031432289;-0.2350468769;-0.330002608;-0.1535338556
173.60266728;11.508385414;-0.2316679707;-0.3250104205;-0.1464713556
174.10267497;11.62817708;-0.2325742207;-0.3256927121;-0.1465221368
174.60268265;11.746158851;-0.2335195332;-0.326736983;-0.1470208347
175.10269033;11.855416664;-0.2344427103;-0.3278671913;-0.1476210952
175.60269802;11.963216143;-0.2354127624;-0.3291510455;-0.1483984389
176.1027057;12.057890622;-0.2362838561;-0.330471358;-0.1491484389
176.60271339;12.151653643;-0.2376223978;-0.3320156288;-0.1501380222
177.10272107;12.241106768;-0.239001304;-0.333658858;-0.151337241
177.60272875;12.326575518;-0.2404179707;-0.3353697955;-0.1527460952
178.10273644;12.402890622;-0.2419140644;-0.3372187538;-0.1543476577
178.60274412;12.470768226;-0.2433307311;-0.3392031288;-0.1564088556
179.10275181;12.538190101;-0.2447330749;-0.3414375038;-0.1591093764
179.60275949;12.604505205;-0.2467317728;-0.3434635455;-0.1616054702
180.10276717;12.665611976;-0.2489153665;-0.3454114621;-0.1640950535
180.60277486;12.729765622;-0.2514153665;-0.3476145871;-0.167040366
181.10278254;12.782851559;-0.2542070332;-0.3496041704;-0.1704192722
181.60279023;12.839817705;-0.2568255228;-0.3518828163;-0.1740143243
182.10279791;12.896002601;-0.2592968769;-0.3543671913;-0.1778111993
182.60280559;12.936341143;-0.2615065123;-0.3571692746;-0.1808138035
183.10281328;12.977643226;-0.2628072936;-0.3599114621;-0.1831458347
183.60282096;13.03286458;-0.2646471373;-0.3627864621;-0.1861484389
184.10282864;13.08770833;-0.2664791686;-0.3656536496;-0.1895065118
184.60283633;13.138919267;-0.268345054;-0.3684609413;-0.1928671889
185.10284401;13.182473955;-0.2697786478;-0.3724739621;-0.1959947931
185.6028517;13.23427083;-0.2704088561;-0.3770546913;-0.1994244806
186.10285938;13.272213538;-0.2720494811;-0.3798802121;-0.2026627618
186.60286706;13.318111976;-0.2736471373;-0.3823723996;-0.2055338556
187.10287475;13.368984372;-0.2760117207;-0.3846458371;-0.2082395847
187.60288243;13.414830726;-0.2788815123;-0.3872213579;-0.210040366
188.10289012;13.469101559;-0.2814843769;-0.3894062538;-0.2123385431
188.6028978;13.516158851;-0.2839518248;-0.3916614621;-0.2148632826
189.10290548;13.56380208;-0.2859648457;-0.3940703163;-0.2177994806
189.60291317;13.609361976;-0.2887239603;-0.3965234413;-0.2207460951
190.10292085;13.658320309;-0.2911835957;-0.3990416704;-0.2247200535
190.60292854;13.700481767;-0.2919817728;-0.4051796913;-0.2308515639
191.10293622;13.743841142;-0.2948216165;-0.4082265663;-0.2353294285
191.5829436;13.770182288;-0.3088971373;-0.4060468788;-0.246213543
192.08295128;13.812226559;-0.3152135436;-0.4066979204;-0.249884116
192.58295896;13.863359371;-0.3190924498;-0.4080104204;-0.2525625014
193.08296665;13.913515621;-0.3219531269;-0.4094843788;-0.2551744805
193.58297433;13.958710934;-0.324563804;-0.4112447954;-0.258180991
194.08298201;13.998268226;-0.3271940123;-0.4128177121;-0.2606536472
194.5829897;14.030156246;-0.3291757832;-0.4148020871;-0.2628971368
195.08299738;14.081393226;-0.3311562519;-0.4168958371;-0.264963543
195.58300507;14.13598958;-0.3332031269;-0.4187369829;-0.2675937514
196.08301275;14.185338538;-0.3348958352;-0.4204244829;-0.270104168
196.58302043;14.235442705;-0.3371354186;-0.4221953163;-0.2725325535
197.08302812;14.287916663;-0.3394179707;-0.4241197954;-0.2753125014
197.5830358;14.332890621;-0.3417734394;-0.4259296913;-0.2778463555
198.08304349;14.385260413;-0.3443268248;-0.4276848996;-0.280430991
198.58305117;14.427317705;-0.3467695332;-0.4292682329;-0.2825221368
199.08305885;14.468619788;-0.3496992207;-0.4305703163;-0.2845312514
199.58306654;14.512669267;-0.3525976582;-0.4321510454;-0.286651043
200.08307422;14.55692708;-0.3551132832;-0.4336536496;-0.2884596368
200.58308191;14.60115885;-0.3581458352;-0.4350781288;-0.290540366
201.08308959;14.642682288;-0.3612473977;-0.4365182329;-0.2924739597
201.58309727;14.683007809;-0.3652070332;-0.4378802121;-0.2954453139
202.08310496;14.726328121;-0.3692161477;-0.4387916704;-0.2978567722
202.58311264;14.769557288;-0.3721380227;-0.4400625038;-0.3003098972
203.08312032;14.814075517;-0.3746601582;-0.4418697954;-0.3034270847
203.58312801;14.848320309;-0.3772213561;-0.4443020871;-0.3082578139
204.08313569;14.898919267;-0.3793958352;-0.4459739621;-0.3105455743
204.58314338;14.94395833;-0.3814583352;-0.4475755246;-0.3125546889
205.08315106;14.989609371;-0.383157554;-0.4491119829;-0.3146002618
205.58315874;15.031028642;-0.3882018248;-0.4488750038;-0.3180234389
206.08316643;15.069309892;-0.3898776061;-0.4527109413;-0.3229231784
206.58317411;15.116562496;-0.3908841165;-0.4564583371;-0.3273255222
207.0831818;15.164414059;-0.3934505227;-0.4584270871;-0.3306718764
207.58318948;15.208098954;-0.3956197936;-0.4602109413;-0.3335872409
208.08319716;15.258645829;-0.3980338561;-0.4619166704;-0.3356067722
208.58320485;15.288671871;-0.4036354186;-0.4627604204;-0.3370442722
209.08321253;15.33053385;-0.4077317727;-0.4640104204;-0.339276043
209.58322022;15.383020829;-0.4104648456;-0.4656328163;-0.3414518243
210.0832279;15.427578121;-0.4128476581;-0.4672682329;-0.343463543
210.58323558;15.474739579;-0.4151705748;-0.4690104204;-0.3456835951
211.08324327;15.514296871;-0.4171783873;-0.4706848996;-0.3478111993
211.58325095;15.558632809;-0.4190546894;-0.4724140663;-0.3499856784
212.08325863;15.602578121;-0.4208684915;-0.4741276079;-0.3519739597
212.58326632;15.645677079;-0.4224505227;-0.4758203162;-0.3541536472
213.083274;15.694622392;-0.4244205748;-0.4768645871;-0.3569401055
213.58328169;15.737760413;-0.426454429;-0.4785494829;-0.3591341159
214.08328937;15.784531246;-0.4281966165;-0.4804739621;-0.3613776055
214.58329705;15.833632808;-0.4299791686;-0.4823307329;-0.3635286472
215.08330474;15.880520829;-0.4318710956;-0.4840442746;-0.3657838555
215.58331242;15.928541663;-0.4337864602;-0.4858125038;-0.3681796888
216.08332011;15.973059892;-0.4358541685;-0.4874322954;-0.3706067722
216.58332779;16.018151038;-0.4381080748;-0.4890494829;-0.3729270847
217.08333547;16.064973954;-0.4404010436;-0.4907161496;-0.3751067722
217.58334316;16.1069401;-0.442596356;-0.4923177121;-0.3773307305
218.08335084;16.15553385;-0.4445520852;-0.4939895871;-0.3794205743
218.58335852;16.19584635;-0.4470104186;-0.4956692746;-0.3820390638
219.08336621;16.222291663;-0.4554895852;-0.4961848996;-0.3844244805
219.58337389;16.267122392;-0.459143231;-0.4974348996;-0.3867526055
220.08338158;16.315820308;-0.4615104185;-0.4991458371;-0.3892421888
220.58338926;16.362265621;-0.4638346373;-0.5008437537;-0.3911054701
221.08339694;16.403932287;-0.4661796894;-0.5023697954;-0.3936328138
221.58340463;16.444153642;-0.4683997415;-0.5040833371;-0.3955234388
222.08341231;16.495143225;-0.470360679;-0.5057942746;-0.3977278659
222.58342;16.538072912;-0.4723255227;-0.5075052121;-0.3999648451
223.08342768;16.581106767;-0.4745611998;-0.5092864621;-0.4023437513
223.58343536;16.621744787;-0.4764492206;-0.5109531287;-0.4046627618
224.08344305;16.661289058;-0.4786484394;-0.5123177121;-0.4064713555
224.58345073;16.702174475;-0.480485679;-0.5137656287;-0.4090156263
225.08345842;16.744531246;-0.4824127623;-0.5152656287;-0.4111523451
225.5834661;16.78928385;-0.4841484394;-0.5169192746;-0.4130768243
226.08347378;16.826263017;-0.485877606;-0.5187265662;-0.4151523451
226.58348147;16.867903642;-0.4876718769;-0.5207187537;-0.4171679701
227.08348915;16.903007808;-0.4857239602;-0.5331666704;-0.4234713555
227.58349683;16.947903642;-0.487080731;-0.5359557329;-0.4265000013
228.08350452;16.989401037;-0.4915598977;-0.5366796912;-0.4278437513
228.5835122;17.031927079;-0.4939335956;-0.5383281287;-0.4301484388
229.08351989;17.074322912;-0.4961093769;-0.5402473996;-0.4323945326
229.58352757;17.123281246;-0.498110679;-0.5423333371;-0.4346757826
230.08353525;17.167499996;-0.500063804;-0.5443619829;-0.4370117201
230.58354294;17.208893225;-0.5017786477;-0.5464791704;-0.4393841159
231.08355062;17.254830725;-0.5032890644;-0.5485364621;-0.4417838555
231.58355831;17.301927079;-0.5049570331;-0.5506692746;-0.4441848972
232.08356599;17.344192704;-0.5067278664;-0.5527447954;-0.446526043
232.58357367;17.388710933;-0.5086380227;-0.5547578162;-0.448838543
233.08358136;17.437773433;-0.5103398456;-0.5569218787;-0.4511757826
233.58358904;17.479348954;-0.511877606;-0.5607109412;-0.4542265638
234.08359673;17.521419266;-0.513471356;-0.5636484412;-0.4569205742
234.58360441;17.576067704;-0.5152708352;-0.5660781287;-0.4593476576
235.08361209;17.6203776;-0.5169531269;-0.5683098996;-0.4615820326
235.58361978;17.66679687;-0.518580731;-0.5704817746;-0.463635418
236.08362746;17.713333329;-0.5203281269;-0.5725833371;-0.4656718763
236.58363514;17.756536454;-0.5221953144;-0.5746666704;-0.467447918
237.08364283;17.794036454;-0.5244661477;-0.5785677121;-0.4718098972
237.58365051;17.838268225;-0.5264544289;-0.5811484412;-0.4745065117
238.0836582;17.881236975;-0.5279726581;-0.5836484412;-0.4766914076
238.58366588;17.923385412;-0.5294960956;-0.5859088579;-0.478791668
239.08367356;17.972552079;-0.5309596373;-0.5880625037;-0.4809531263
239.58368125;18.017513016;-0.5325351581;-0.5901536495;-0.4830638034
240.08368893;18.059830725;-0.5341341164;-0.5924401079;-0.4849557305
240.58369662;18.103020829;-0.535877606;-0.5946093787;-0.4870872409
241.0837043;18.149570308;-0.5376197935;-0.5966536496;-0.4891757826
241.58371198;18.193893225;-0.5394635435;-0.598755212;-0.4913242201
242.08371967;18.237317704;-0.5413098977;-0.6007864621;-0.4934661471
242.58372735;18.282968745;-0.5429804706;-0.6027708371;-0.4957942722
243.08373503;18.330598954;-0.5448750019;-0.6047395871;-0.4980846367
243.58374272;18.371471349;-0.5467812519;-0.6066953162;-0.4999908867
244.0837504;18.414036454;-0.5485989602;-0.6086536496;-0.5021289076
244.58375809;18.464388016;-0.5505195331;-0.6106093787;-0.5042539076
245.08376577;18.508645829;-0.5522773456;-0.6124635454;-0.5064062513
245.58377345;18.55117187;-0.553877606;-0.6141354204;-0.5085325534
246.08378114;18.424088537;-0.5556158873;-0.6107473995;-0.5088151055
246.58378882;18.495013016;-0.5578710956;-0.6118880245;-0.5100677096
247.08379651;18.560299474;-0.5600286477;-0.6131692746;-0.511354168
247.58380419;18.615169266;-0.562221356;-0.6145234412;-0.5128919284
248.08381187;18.668776037;-0.5643333352;-0.6160625037;-0.5145234388
248.58381956;18.714973954;-0.5662317727;-0.6174505246;-0.5160052096
249.08382724;18.758255204;-0.5680546894;-0.6188229204;-0.5175429701
249.58383493;18.799192704;-0.5699570331;-0.6203307329;-0.5188841159
250.08384261;18.839778641;-0.5718437519;-0.621895837;-0.5203046888
250.58385029;18.885755204;-0.5737226581;-0.6235156287;-0.5218958346
251.08385798;18.933945308;-0.5753763039;-0.6250572954;-0.5233919284
251.58386566;18.977877599;-0.5770013039;-0.626677087;-0.5247096367
252.08387334;19.026210933;-0.578783856;-0.628286462;-0.5265403659
252.58388103;19.069049474;-0.5803229185;-0.6298229204;-0.5280468763
253.08388871;19.113333328;-0.5821184914;-0.6315078162;-0.5304960951
253.5838964;19.154778641;-0.5840052102;-0.6330651079;-0.5324622409
254.08390408;19.195690099;-0.5859544289;-0.6346223995;-0.5342747409
254.58391176;19.240143224;-0.5877812519;-0.6362005245;-0.5360820326
255.08391945;19.282499995;-0.5892643248;-0.637692712;-0.5377786471
255.58392713;19.330325516;-0.5905065123;-0.6392942745;-0.5394726576
256.08393482;19.370273433;-0.5920156268;-0.6408255245;-0.5411302096
256.5839425;19.416705724;-0.5933567727;-0.6425572954;-0.5429583346
257.08395018;19.457486974;-0.594971356;-0.6442604204;-0.544588543
257.58395787;19.499231766;-0.5965442727;-0.6461692745;-0.5463997409
258.08396555;19.540494787;-0.5980820331;-0.6485781287;-0.5479856784
258.58397323;19.582630203;-0.5997916685;-0.6505572954;-0.5498971367
259.08398092;19.623151037;-0.6012070331;-0.652770837;-0.5523789076
259.5839886;19.669010412;-0.6029726581;-0.6546197954;-0.5542031263
260.08399629;19.709348953;-0.6049791685;-0.6563359412;-0.5560781263
260.58400397;19.753619787;-0.6079778664;-0.6574557329;-0.5573190117
261.08401165;19.794101557;-0.6116705748;-0.6580104204;-0.558496095
261.58401934;19.818997391;-0.622783856;-0.6547604204;-0.5610026055
262.08402702;19.859374995;-0.6262239602;-0.6551822954;-0.5617695325
262.58403471;19.90539062;-0.6284947935;-0.6566432329;-0.5633203138
263.08404239;19.950572912;-0.6301614602;-0.6583203162;-0.564916668
263.58405007;19.993411453;-0.6319010435;-0.6599791704;-0.5666471367
264.08405776;20.035247391;-0.6338320331;-0.6616848995;-0.5685000013
264.58406544;20.078398432;-0.6355442727;-0.6633359412;-0.570276043
265.08407313;20.11632812;-0.6373424497;-0.6650416704;-0.5721432305
265.58408081;20.164283849;-0.6390598977;-0.6668098995;-0.5740000013
266.08408849;20.206028641;-0.6408059914;-0.6684843787;-0.5758020846
266.58409618;20.250429682;-0.6422669289;-0.6702343787;-0.5777044284
267.08410386;20.290559891;-0.6439700539;-0.6719713579;-0.5793971367
267.58411154;20.331627599;-0.6457539081;-0.6736953162;-0.5812330742
268.08411923;20.378893224;-0.6476627622;-0.6753697954;-0.5831614596
268.58412691;20.41992187;-0.6494075539;-0.6770468787;-0.5849856784
269.0841346;20.466445307;-0.6510247414;-0.6787656287;-0.5869088555
269.58414228;20.507148432;-0.6527812518;-0.6805546912;-0.5888046888
270.08414996;20.549869786;-0.6544921893;-0.6823541704;-0.5911718763
270.58415765;20.591315099;-0.6561653664;-0.6841718787;-0.5934153659
271.08416533;20.633007807;-0.6578164081;-0.6859036495;-0.5954257825
271.58417302;20.675807286;-0.6597226581;-0.6876692745;-0.5975286471
272.0841807;20.717408849;-0.6618606789;-0.6892812537;-0.5999088555
272.58418838;20.758906245;-0.6638098977;-0.6909453162;-0.6018463555
273.08419607;20.799687495;-0.664705731;-0.6941041704;-0.6046927096
273.58420375;20.839700515;-0.6661875018;-0.6960390662;-0.6065520846
274.08421144;20.883098953;-0.6676158872;-0.6978697954;-0.6085703138
274.58421912;20.926080724;-0.6694309914;-0.6996067745;-0.6104726575
275.0842268;20.967330724;-0.6711002622;-0.7012942745;-0.6125065117
275.58423449;21.00837239;-0.6724570331;-0.7032447954;-0.6148059909
276.08424217;21.04759114;-0.6739726581;-0.7050390662;-0.6167057305
276.58424985;21.093385411;-0.6754804706;-0.7068515662;-0.6188138034
277.08425754;21.133098953;-0.6771575539;-0.7086484412;-0.6207356784
277.58426522;21.173098953;-0.678440106;-0.710395837;-0.62266797
278.08427291;21.220729161;-0.6802304706;-0.7122005245;-0.6246888034
278.58428059;21.257708328;-0.6816731789;-0.713942712;-0.6265065117
279.08428827;21.302330724;-0.6832578143;-0.715770837;-0.6282578138
279.58429596;21.343749995;-0.6849466164;-0.7176796912;-0.6303033867
280.08430364;21.385442703;-0.6865247414;-0.7195026079;-0.6320937513
280.58431133;21.425911453;-0.6881367206;-0.7213203162;-0.6337864596
281.08431901;21.465260411;-0.6896236997;-0.7230494829;-0.6355468763
281.58432669;21.508658849;-0.6909843768;-0.7248541704;-0.6373216159
282.08433438;21.549895828;-0.6925976581;-0.7265859412;-0.6391822929
282.58434206;21.590624994;-0.6944596372;-0.7283307329;-0.6411158867
283.08434974;21.63321614;-0.6960117206;-0.7300703162;-0.6431263034
283.58435743;21.672304682;-0.6975468768;-0.7317734412;-0.6449192721
284.08436511;21.713802078;-0.6989023456;-0.7339635454;-0.6471822929
284.5843728;21.753867182;-0.7001953143;-0.7360651078;-0.6489036471
285.08438048;21.795937494;-0.7016263039;-0.738052087;-0.6507786471
285.58438816;21.837682286;-0.7031497414;-0.7400026079;-0.6524140638
286.08439585;21.875455724;-0.7047916685;-0.7417734412;-0.6542526054
286.58440353;21.918541661;-0.7065481789;-0.7437057328;-0.6560247409
287.08441122;21.958124994;-0.7081861997;-0.745552087;-0.6578255221
287.5844189;21.989427078;-0.7098203143;-0.7474218787;-0.6574882825
288.08442658;22.030273432;-0.7112630226;-0.7492838578;-0.6582994804
288.58443427;22.072421869;-0.7128554706;-0.7511276078;-0.6594908867
289.08444195;22.113111974;-0.7142031268;-0.7533437537;-0.6605377617
289.58444964;22.153151036;-0.7155429706;-0.7552786495;-0.6620677096
290.08445732;22.194713536;-0.7170976581;-0.7572630245;-0.6634947929
290.584465;22.235885411;-0.7186132831;-0.7592994828;-0.6649791679
291.08447269;22.275664057;-0.7201614601;-0.7612473995;-0.6667864596
291.58448037;22.317578119;-0.7215664081;-0.7632447953;-0.6687539075
292.08448805;22.356901036;-0.7229895851;-0.765208337;-0.6705546888
292.58449574;22.399192703;-0.7240768247;-0.7671276078;-0.6721250013
293.08450342;22.440755203;-0.7256445331;-0.7690625037;-0.6741445325
293.58451111;22.479882807;-0.7271171893;-0.770848962;-0.6759244804
294.08451879;22.521210932;-0.7285273456;-0.772661462;-0.6777578138
294.58452647;22.560742182;-0.7302109393;-0.7744322953;-0.6794856784
295.08453416;22.600260411;-0.7316601581;-0.7761406287;-0.6810911471
295.58454184;22.642578119;-0.7333359393;-0.7778750037;-0.6827942721
296.08454953;22.680156244;-0.7350065122;-0.7795859412;-0.6845494804
296.58455721;22.724127598;-0.7366835956;-0.7813776078;-0.6867851575
297.08456489;22.763151036;-0.7382734393;-0.7830885453;-0.6884257825
297.58457258;22.804687494;-0.7396054706;-0.784817712;-0.6903411471
298.08458026;22.850585932;-0.7413294289;-0.7865963578;-0.6920442721
298.58458795;22.888776036;-0.7431158872;-0.7882526078;-0.6940052096
299.08459563;22.931328119;-0.7449661476;-0.7898906287;-0.6958385429
299.58460331;22.971901036;-0.7466940122;-0.7915625037;-0.6977018242
300.084611;23.00930989;-0.7483580747;-0.7932786495;-0.6990833346
300.58461868;23.050950515;-0.749783856;-0.7952369828;-0.7009986992
301.08462636;23.089791661;-0.7513346372;-0.7970625037;-0.7028059908
301.58463405;23.131796869;-0.7530677101;-0.7990234412;-0.7044934908
302.08464173;23.171315098;-0.7543906268;-0.801489587;-0.7067317721
302.58464942;23.209596348;-0.755877606;-0.8035078162;-0.7087135429
303.0846571;23.252460932;-0.7575585956;-0.805411462;-0.7105260429
303.58466478;23.292734369;-0.7592083351;-0.8071536495;-0.7121822929
304.08467247;23.334505202;-0.7610533872;-0.8088828162;-0.7140013033
304.58468015;23.375338536;-0.7625924497;-0.8105859412;-0.7157981783
305.08468784;23.416888015;-0.7642291685;-0.8122526078;-0.7176289075
305.58469552;23.455325515;-0.7661223976;-0.8137656287;-0.7195559908
306.0847032;23.497044265;-0.7678723976;-0.8152526078;-0.7212799492
306.58471089;23.53884114;-0.7696054706;-0.8168593787;-0.7231393242
307.08471857;23.576119786;-0.7709492206;-0.8184531287;-0.7251497408
307.58472625;23.610195306;-0.7726861997;-0.8200260453;-0.7268281263
308.08473394;23.652408848;-0.773769533;-0.8216536495;-0.7287421888
308.58474162;23.688619786;-0.7753750018;-0.8232213578;-0.7302981783
309.08474931;23.729817702;-0.7769388039;-0.824833337;-0.7319075533
309.58475699;23.771106765;-0.7786080747;-0.8264140662;-0.7336197929
310.08476467;23.812643223;-0.780238283;-0.8280182328;-0.7353164075
310.58477236;23.853489577;-0.7816966164;-0.8296250037;-0.7370260429
311.08478004;23.891445306;-0.7833710955;-0.831192712;-0.7386666679
311.58478773;23.935234369;-0.7851835956;-0.8328307328;-0.7405104179
312.08479541;23.974101556;-0.7870273455;-0.8342890662;-0.7421041679
312.58480309;24.008190098;-0.7889479185;-0.8357187537;-0.7435651054
313.08481078;24.054570306;-0.790550783;-0.8373125037;-0.7451914075
313.58481846;24.089804681;-0.7922617205;-0.8388359412;-0.7467369804
314.08482615;24.127330723;-0.7940898455;-0.8404166703;-0.748496095
314.58483383;24.172161452;-0.7958684914;-0.8420442745;-0.7501809908
315.08484151;24.209661452;-0.7974127622;-0.8436223995;-0.751933595
315.5848492;24.250156244;-0.7990234393;-0.8452343787;-0.7538190117
316.08485688;24.291953119;-0.8006484393;-0.8467942745;-0.7554635429
316.58486456;24.329960931;-0.802533856;-0.8484531287;-0.7571914075
317.08487225;24.371588535;-0.8042330747;-0.8500494828;-0.7589127617
317.58487993;24.41274739;-0.8058528664;-0.8516848995;-0.7607513033
318.08488762;24.451523431;-0.807783856;-0.8534973995;-0.7635013033
318.5848953;24.489830723;-0.809332033;-0.8551406287;-0.7654348971
319.08490298;24.530494785;-0.8109270851;-0.8568255245;-0.7672890637
319.58491067;24.571718744;-0.8123242205;-0.8585572953;-0.7692734387
320.08491835;24.605924473;-0.8135611997;-0.860114587;-0.77113672
320.58492604;24.646119785;-0.815065106;-0.8617760453;-0.7730065117
321.08493372;24.684661452;-0.8163645851;-0.863364587;-0.7748151054
321.5849414;24.724687494;-0.8178203143;-0.8650416703;-0.7767291679
322.08494909;24.76307291;-0.819315106;-0.8666406286;-0.7785208346
322.58495677;24.804335931;-0.820549481;-0.8689062537;-0.7803072929
323.08496446;24.846028639;-0.8217278664;-0.8708828161;-0.7821770846
323.58497214;24.882174473;-0.8229609393;-0.8725156287;-0.7839231783
324.08497982;24.925065098;-0.824143231;-0.8742265662;-0.7857799492
324.58498751;24.964244785;-0.8254518247;-0.8758437536;-0.7875924492
325.08499519;24.997669264;-0.8268854185;-0.8773697953;-0.7893437512
325.58500287;25.04151041;-0.8281106789;-0.8789843786;-0.7912265637
326.08501056;25.082304681;-0.829785158;-0.8805651078;-0.7931184908
326.58501824;25.12494791;-0.8313867205;-0.882208337;-0.7949153658
327.08502593;25.166302077;-0.8329479185;-0.883880212;-0.7967864596
327.58503361;25.206223952;-0.8346627622;-0.8855156286;-0.7986432304
328.08504129;25.248619785;-0.8362395851;-0.8871979203;-0.800402345
328.58504898;25.287747389;-0.8376223976;-0.8887161495;-0.8021640637
329.08505666;25.328580723;-0.8392096372;-0.8902968786;-0.8039257825
329.58506435;25.368515619;-0.8409023455;-0.891848962;-0.80557422
330.08507203;25.404114577;-0.8425898455;-0.8933723995;-0.8071692721
330.58507971;25.447721348;-0.8447760434;-0.894692712;-0.8087578137
331.0850874;25.48260416;-0.8464830747;-0.8959192745;-0.8103020846
331.58509508;25.524361973;-0.8483281268;-0.8974088578;-0.8119557304
332.08510276;25.566236973;-0.8502148455;-0.8988750037;-0.8137213554
332.58511045;25.607031243;-0.8519583351;-0.9004713578;-0.8153528658
333.08511813;25.64557291;-0.8536666684;-0.9021744828;-0.8171783866
333.58512582;25.682265618;-0.8552161476;-0.9037604203;-0.8189427096
334.0851335;25.723242181;-0.8569153664;-0.905380212;-0.8207369804
334.58514118;25.761380202;-0.8587604184;-0.906927087;-0.8225208346
335.08514887;25.800091139;-0.8606497414;-0.9083697953;-0.8243268241
335.58515655;25.838619785;-0.8626927101;-0.9098932328;-0.8260104179
336.08516424;25.879218743;-0.8642513039;-0.9113385453;-0.8277291679
336.58517192;25.920468743;-0.8659895851;-0.9128437536;-0.8293593762
337.0851796;25.960364577;-0.867675783;-0.914317712;-0.8311132825
337.58518729;25.997161452;-0.8690937518;-0.9157916703;-0.8327942721
338.08519497;26.042252598;-0.8706953143;-0.9173203161;-0.8344973971
338.58520266;26.073723952;-0.8721679705;-0.9187682328;-0.8357877616
339.08521034;26.112864577;-0.8735885434;-0.9202604203;-0.8373984387
339.58521802;26.153515618;-0.8751640643;-0.9217317745;-0.8391354179
340.08522571;26.193398431;-0.8767877622;-0.9231953161;-0.8407760429
340.58523339;26.233893222;-0.8780898455;-0.9247291703;-0.8426562512
341.08524107;26.272148431;-0.8796705747;-0.9262135453;-0.84373047
341.58524876;26.314648431;-0.8816875018;-0.927630212;-0.8452500012
342.08525644;26.352877597;-0.8838502622;-0.9288906286;-0.8466080741
342.58526413;26.389661452;-0.8858802101;-0.9302213578;-0.8480781262
343.08527181;26.431145827;-0.8878138039;-0.9317031286;-0.8492031262
343.58527949;26.470677077;-0.8892434914;-0.9331197953;-0.8507812512
344.08528718;26.511380202;-0.891097658;-0.9346119828;-0.8524739596
344.58529486;26.548606764;-0.8929153664;-0.9361223995;-0.8541848971
345.08530255;26.583593743;-0.8945026059;-0.9376197953;-0.8558255221
345.58531023;26.623867181;-0.8959635434;-0.9391796911;-0.8574231783
346.08531791;26.663906243;-0.8975729184;-0.940661462;-0.8590013033
346.5853256;26.70432291;-0.8993867205;-0.9422161495;-0.8606875012
347.08533328;26.742721347;-0.9010611997;-0.9437057328;-0.8622630221
347.58534097;26.780937493;-0.9026419288;-0.9452265661;-0.864121095
348.08534865;26.822929681;-0.9043723976;-0.9467500036;-0.8657057304
348.58535633;26.855664056;-0.9058268247;-0.9483281286;-0.8672708346
349.08536402;26.891562493;-0.906832033;-0.9502447953;-0.8688151054
349.5853717;26.927018222;-0.9081888038;-0.9519062536;-0.8704856783
350.08537938;26.964244785;-0.9096614601;-0.9535130245;-0.8720221366
350.58538707;27.00729166;-0.9113684913;-0.9551562536;-0.8736106783
351.08539475;27.047057285;-0.9126145851;-0.9567317745;-0.8751588554
351.58540244;27.087239576;-0.9141236997;-0.9583463578;-0.8768880221
352.08541012;27.123450514;-0.9157395851;-0.9598072953;-0.87848047
352.5854178;27.159192701;-0.9173450538;-0.9614140661;-0.8800794283
353.08542549;27.203320306;-0.9187057309;-0.9629661495;-0.8819127616
353.58543317;27.237369785;-0.9201666684;-0.9644661495;-0.8832408866
354.08544086;27.279283847;-0.9216822934;-0.9660546911;-0.8846627616
354.58544854;27.31932291;-0.9230390643;-0.9676093786;-0.8863203137
355.08545622;27.359049472;-0.9243710955;-0.9691484411;-0.8878593762
355.58546391;27.396940097;-0.9260729184;-0.9707291703;-0.8897135429
356.08547159;27.43182291;-0.9274739601;-0.9722578161;-0.8912825533
356.58547927;27.471158847;-0.9290000018;-0.973817712;-0.8928268241
357.08548696;27.510156243;-0.9306184913;-0.9753750036;-0.8944622408
357.58549464;27.552200514;-0.932285158;-0.976927087;-0.8962174491
358.08550233;27.59041666;-0.9340273455;-0.978505212;-0.8977877616
358.58551001;27.62449218;-0.9354661476;-0.9801536495;-0.8995078137
359.08551769;27.669726555;-0.936894533;-0.9820494828;-0.9016940116
359.58552538;27.703333326;-0.9381835955;-0.9837942745;-0.9035052095
360.08553306;27.743411451;-0.9397968768;-0.9853932328;-0.9050716158
360.58554075;27.783736972;-0.941503908;-0.9870260453;-0.9066744804
361.08554843;27.822838535;-0.9431523455;-0.9885572953;-0.908152345
361.58555611;27.863033847;-0.9447408872;-0.9901692745;-0.909652345
362.0855638;27.898906243;-0.9460299497;-0.9916979203;-0.9112239595
362.58557148;27.934427076;-0.9476093768;-0.993239587;-0.9128684908
363.08557917;27.976588535;-0.9493385434;-0.994786462;-0.9144531262
363.58558685;28.013841139;-0.9509492205;-0.9962369828;-0.9158658866
364.08559453;28.054817701;-0.9526341163;-0.9977812536;-0.9174049491
364.58560222;28.095481764;-0.9543606788;-0.9992968786;-0.9189401054
365.0856099;28.134114576;-0.9560065122;-1.0007447953;-0.920589845
365.58561758;28.174374993;-0.9576979184;-1.0022812537;-0.9222187512
366.08562527;28.207122389;-0.9593541684;-1.0037187537;-0.9237239595
366.58563295;28.246809889;-0.9608450538;-1.0052057328;-0.9250546887
367.08564064;28.286419264;-0.9623033872;-1.0066744828;-0.9266510429
367.58564832;28.327656243;-0.9641250018;-1.0081901078;-0.9282695325
368.085656;28.367252597;-0.965738283;-1.0096979203;-0.9298671887
368.58566369;28.400312493;-0.9671354184;-1.0111250037;-0.9314427095
369.08567137;28.439674472;-0.9684635434;-1.0127031287;-0.932981772
369.58567906;28.479713534;-0.969816408;-1.0141744828;-0.9345638033
370.08568674;28.520026034;-0.9714218767;-1.0156250037;-0.9361289075
370.58569442;28.533359368;-0.972800783;-1.0171875037;-0.9377955741
371.08570211;28.601848951;-0.9743932309;-1.018677087;-0.9393841158
371.58570979;28.640468743;-0.9761158872;-1.020223962;-0.9410208345
372.08571748;28.676822909;-0.977347658;-1.0216744828;-0.942575522
372.58572516;28.713854159;-0.9789479184;-1.023223962;-0.9441627616
373.08573284;28.755455722;-0.9806536476;-1.0247213578;-0.9457994804
373.58574053;28.792161451;-0.9822708351;-1.0261744828;-0.9473216158
374.08574821;28.832903638;-0.9839947934;-1.027677087;-0.9489960949
374.58575589;28.866861972;-0.9855143247;-1.0291067745;-0.9505638033
375.08576358;28.905703118;-0.9868854184;-1.0306484412;-0.9522643241
375.58577126;28.947174472;-0.9885898455;-1.0321692745;-0.9539062512
376.08577895;28.987317701;-0.9901731788;-1.0336041703;-0.955496095
376.58578663;29.027604159;-0.9919348976;-1.0350859412;-0.956981772
377.08579431;29.062552076;-0.9935143247;-1.0365468786;-0.9585664074
377.585802;29.099453118;-0.9950065122;-1.0380000037;-0.9600234387
378.08580968;29.139778638;-0.9965013038;-1.0395312537;-0.9616367199
378.58581737;29.17449218;-0.9980611997;-1.040927087;-0.9631640637
379.08582505;29.216380201;-0.9998033872;-1.0424869828;-0.9648177095
379.58583273;29.25167968;-1.001315106;-1.0439947953;-0.9663359387
380.08584042;29.290533847;-1.0028216164;-1.0454661495;-0.9677851574
380.5858481;29.330078117;-1.0044427101;-1.0470026078;-0.969528647
381.08585578;29.36496093;-1.0060611997;-1.0485625037;-0.9711679699
381.58586347;29.40042968;-1.0077773455;-1.0501015662;-0.9728684908
382.08587115;29.44121093;-1.0094231789;-1.0516588578;-0.9744895845
382.58587884;29.481549472;-1.0106002622;-1.0531510453;-0.9761901054
383.08588652;29.522539055;-1.0122122414;-1.054755212;-0.9779531262
383.5858942;29.553059888;-1.0137773455;-1.0562604203;-0.979606772
384.08590189;29.59058593;-1.0152578143;-1.0578281286;-0.9812330741
384.58590957;29.631067701;-1.0165234393;-1.0594036495;-0.9829895845
385.08591726;29.665807284;-1.0177317726;-1.0609296911;-0.9847330741
385.58592494;29.708645826;-1.0190286476;-1.062598962;-0.9864804699
386.08593262;29.741263013;-1.019972658;-1.0651276078;-0.9886914074
386.58594031;29.779453117;-1.0211158872;-1.067208337;-0.9907122408
387.08594799;29.815546867;-1.0224296893;-1.0689296911;-0.9924791679
387.58595568;29.85464843;-1.0245559914;-1.0706484411;-0.9938177095
388.08596336;29.895169263;-1.026613283;-1.0723281286;-0.9955338554
388.58597104;29.935156242;-1.028488283;-1.0739244828;-0.9971210949
389.08597873;29.977135409;-1.0301901059;-1.0755651078;-0.999122397
389.58598641;30.013606763;-1.0317630226;-1.0771276078;-1.0007005221
390.08599409;30.04667968;-1.0333906268;-1.0786510453;-1.0022213554
390.58600178;30.089231763;-1.035082033;-1.080380212;-1.0040494804
391.08600946;30.128320305;-1.0363411476;-1.0819921911;-1.0056484387
391.58601715;30.16871093;-1.0375963559;-1.0836250036;-1.0070468762
392.08602483;30.203072909;-1.0392343768;-1.0851848995;-1.0087408866
392.58603251;30.237200513;-1.0408606789;-1.0867500036;-1.0102682304
393.0860402;30.277552076;-1.0425130226;-1.0882578161;-1.0118059908
393.58604788;30.317174471;-1.044035158;-1.0897916703;-1.0134153658
394.08605557;30.35761718;-1.0450989601;-1.0913932328;-1.0149361991
394.58606325;30.393736971;-1.0467421893;-1.0928828161;-1.016402345
395.08607093;30.42917968;-1.0483528664;-1.0943619828;-1.0178906262
395.58607862;30.465677076;-1.0499401059;-1.0959479203;-1.0193268241
396.0860863;30.506549471;-1.0512578143;-1.0974010453;-1.0210221366
396.58609399;30.54480468;-1.0529023455;-1.0988984411;-1.0224283866
397.08610167;30.580664055;-1.0545013039;-1.1004557328;-1.0243750012
397.58610935;30.620520826;-1.0554401059;-1.1019661495;-1.0258229179
398.08611704;30.658815096;-1.0575208351;-1.1035286495;-1.0274687512
398.58612472;30.694778638;-1.058769533;-1.1050026078;-1.0289882825
399.0861324;30.732682284;-1.0605625018;-1.1065755245;-1.0305325533
399.58614009;30.770794263;-1.0622786476;-1.1080885453;-1.0318359387
400.08614777;30.811562492;-1.0638216164;-1.1095625036;-1.0332838554
400.58615546;30.850768221;-1.0654479184;-1.1110807328;-1.0347734387
401.08616314;30.881445305;-1.0664973976;-1.1125390661;-1.0363515637
401.58617082;30.921197909;-1.0676354184;-1.114036462;-1.0377565116
402.08617851;30.961744784;-1.0686901059;-1.1155182328;-1.0392786471
402.58618619;30.999101555;-1.0701627622;-1.1169921911;-1.0408203137
403.08619388;31.038489575;-1.0714283872;-1.1184921911;-1.042339845
403.58620156;31.071874992;-1.0730638039;-1.119958337;-1.0439361991
404.08620924;31.111705721;-1.0747187518;-1.1214661495;-1.0455052096
404.58621693;31.147903638;-1.0763528664;-1.1228828161;-1.047058595
405.08622461;31.182565096;-1.0774296893;-1.1243203161;-1.0484557304
405.58623229;31.223020825;-1.0786302101;-1.1258593786;-1.0500195325
406.08623998;31.262903638;-1.0805794288;-1.1272916703;-1.0516640637
406.58624766;31.302994784;-1.0822643247;-1.1288359411;-1.0531692721
407.08625535;31.333776034;-1.0835403664;-1.1312343786;-1.0547434908
407.58626303;31.372617179;-1.0850859393;-1.1328984411;-1.0563007825
408.08627071;31.413020825;-1.0865703143;-1.1344609411;-1.0576979179
408.5862784;31.44653645;-1.0880872413;-1.1359375036;-1.059091147
409.08628608;31.482096346;-1.0897760434;-1.1375026078;-1.0606666679
409.58629377;31.520611971;-1.0916080747;-1.1389375036;-1.0621914075
410.08630145;31.561992179;-1.0928020851;-1.1404505245;-1.0636666679
410.58630913;31.601432284;-1.0942526059;-1.1419869828;-1.0652252616
411.08631682;31.634765617;-1.0960455747;-1.1434348995;-1.0665703137
411.5863245;31.674479159;-1.0975781268;-1.1449505245;-1.0678906262
412.08633218;31.7120052;-1.0992682309;-1.1464713578;-1.0693125012
412.58633987;31.745143221;-1.1009231788;-1.1479973995;-1.0708932304
413.08634755;31.784166659;-1.1042994809;-1.1492656286;-1.0722291679
413.58635524;31.8232552;-1.1062812518;-1.1506718786;-1.073669272
414.08636292;31.861653638;-1.1075989601;-1.1521953161;-1.0751796887
414.5863706;31.894205721;-1.1090794288;-1.1541119828;-1.0770677095
415.08637829;31.933190096;-1.1109023455;-1.1556901078;-1.0786302095
415.58638597;31.969648429;-1.112863283;-1.1572890661;-1.0801276054
416.08639366;32.0038802;-1.1143723976;-1.158708337;-1.0815703137
416.58640134;32.045312492;-1.1157929705;-1.1602369828;-1.0830651054
417.08640902;32.079361971;-1.116800783;-1.1616588578;-1.0845677095
417.58641671;32.114986971;-1.1177161476;-1.1631302119;-1.086059897
418.08642439;32.155963533;-1.1190585955;-1.1645859411;-1.0875807304
418.58643208;32.191705721;-1.1201979184;-1.1659687536;-1.0889830741
419.08643976;32.223346346;-1.1220768247;-1.1674531286;-1.090464845
419.58644744;32.26434895;-1.1235963559;-1.1688750036;-1.0918906262
420.08645513;32.299752596;-1.1248593768;-1.1702942745;-1.0934140637
420.58646281;32.337916658;-1.1262604184;-1.1717916703;-1.0949088554
421.08647049;32.375026033;-1.1279179705;-1.1731666703;-1.0963528658
421.58647818;32.409531242;-1.129410158;-1.1746119828;-1.0978476575
422.08648586;32.441966138;-1.1309947934;-1.1760000036;-1.0993059908
422.58649355;32.481354158;-1.1326979184;-1.1774010453;-1.1006979179
423.08650123;32.516002596;-1.1343958351;-1.1788385453;-1.102183595
423.58650891;32.552526033;-1.1356536476;-1.1802161495;-1.1036197929
424.0865166;32.593763012;-1.1372721372;-1.1816588578;-1.1050989595
424.58652428;32.626484367;-1.1390338559;-1.1830182328;-1.1064778658
425.08653197;32.661757804;-1.1404804705;-1.1844401078;-1.1079309908
425.58653965;32.700651033;-1.141753908;-1.1858906286;-1.1093177095
426.08654733;32.733229158;-1.1429062517;-1.1872473994;-1.1107200533
426.58655502;32.771015617;-1.1448450538;-1.1886901078;-1.1121718762
427.0865627;32.809869783;-1.1465846372;-1.1901067744;-1.1136041679
427.58657039;32.840091137;-1.1482239601;-1.1914921911;-1.1150729179
428.08657807;32.879283846;-1.1499296893;-1.1928984411;-1.1164609387
428.58658575;32.915963533;-1.1515013038;-1.1942734411;-1.1178033866
429.08659344;32.952981762;-1.1532174497;-1.1956979203;-1.1192226574
429.58660112;32.989088533;-1.1548515642;-1.197052087;-1.1205976574
430.0866088;33.024244783;-1.1563645851;-1.1984765661;-1.1220481783
430.58661649;33.062695304;-1.1575638038;-1.1999427119;-1.1236119804
431.08662417;33.096484367;-1.1590169288;-1.2012500036;-1.1248645845
431.58663186;33.133971346;-1.160707033;-1.2027135453;-1.1263020845
432.08663954;33.168398429;-1.1624140642;-1.2040989619;-1.1277500012
432.58664722;33.20653645;-1.1635390642;-1.2055208369;-1.1291080741
433.08665491;33.239283846;-1.1648750017;-1.2069088578;-1.1304869804
433.58666259;33.275585929;-1.1660325538;-1.2082395869;-1.1318919283
434.08667028;33.315937491;-1.1669817726;-1.2096770869;-1.13326172
434.58667796;33.349414054;-1.1678450538;-1.2110598994;-1.1346562512
435.08668564;33.389674471;-1.1694817726;-1.2124140661;-1.1361210949
435.58669333;33.428033846;-1.1712500017;-1.2138593786;-1.1376328137
436.08670101;33.458932283;-1.1728020851;-1.2151770869;-1.1390026054
436.58670869;33.498958325;-1.1739023455;-1.2165442744;-1.1404752616
437.08671638;33.529609366;-1.1752213559;-1.2178776078;-1.1418906262
437.58672406;33.567643221;-1.1769361997;-1.2192447953;-1.1432864595
438.08673175;33.604635408;-1.1785052101;-1.2206302119;-1.144731772
438.58673943;33.637070304;-1.1801093767;-1.2219453161;-1.1462526054
439.08674711;33.676289054;-1.1815273455;-1.2233125036;-1.1478372408
439.5867548;33.706588533;-1.1834492205;-1.2246276078;-1.1491119804
440.08676248;33.744752596;-1.1844375017;-1.2259765661;-1.1500507824
440.58677017;33.780247387;-1.1859140642;-1.2273125036;-1.1513776054
441.18677939;33.814453116;-1.1867669288;-1.2273802119;-1.1524257824
441.66678676;33.853111971;-1.1867669288;-1.2273906286;-1.1524257824
442.08679322;33.884921866;-1.1888398455;-1.2324583369;-1.1533789074
442.5868009;33.923736971;-1.1898697934;-1.2338359411;-1.1572552095
443.08680859;33.95811197;-1.1915364601;-1.2351979203;-1.158591147
443.58681627;33.99091145;-1.1931223976;-1.2364947953;-1.1598242199
444.08682395;34.024765616;-1.1947265642;-1.2378723994;-1.1612434908
444.58683164;34.061158845;-1.1963684913;-1.2392057328;-1.1625989595
445.08683932;34.094687491;-1.1981627621;-1.2405286494;-1.1639947929
445.586847;34.129752595;-1.1996067726;-1.2418697953;-1.1653554699
446.08685469;34.16653645;-1.2012018247;-1.2431927119;-1.1667356783
446.58686237;34.196757804;-1.2028763038;-1.2445885453;-1.168044272
447.08687006;34.236432283;-1.2043645851;-1.2459244828;-1.1693033866
447.58687774;34.266510408;-1.2052161476;-1.2472369828;-1.1706106783
448.08688542;34.306171866;-1.2067968767;-1.2485651078;-1.172028647
448.58689311;34.337122387;-1.2083880226;-1.2498880244;-1.173372397
449.08690079;34.375703116;-1.2094817726;-1.2512421911;-1.1747252616
449.58690848;34.403997387;-1.2106927101;-1.2525156286;-1.1760677095
450.08691616;34.443216137;-1.211800783;-1.2537942744;-1.1773554699
450.58692384;34.476197908;-1.2131666684;-1.2551484411;-1.1786731783
451.08693153;34.51091145;-1.2140677101;-1.2563906286;-1.1799388033
451.58693921;34.541614574;-1.2152786476;-1.2576666703;-1.1814010428
452.08694689;34.576874991;-1.2168880226;-1.2587994828;-1.1827486991
452.58695458;34.606796866;-1.2187721371;-1.2599531286;-1.1841940116
453.08696226;34.646249991;-1.2206484392;-1.2611614619;-1.1855859387
453.58696995;34.676106762;-1.2222721371;-1.2623802119;-1.1869544283
454.08697763;34.716679679;-1.2233424496;-1.2636119828;-1.1882968762
454.58698531;34.744140616;-1.2248671892;-1.2648411494;-1.1895182303
455.086993;34.783854158;-1.2264544288;-1.2660703161;-1.1908294283
455.58700068;34.815638012;-1.2280117205;-1.2674088578;-1.1922382824
456.08700837;34.846848949;-1.229535158;-1.2686041703;-1.1935000012
456.58701605;34.879635408;-1.2309804705;-1.2699661494;-1.1948502616
457.08702373;34.914062491;-1.2320898455;-1.2711927119;-1.1961653658
457.58703142;34.947760408;-1.2335885434;-1.2724401078;-1.1974713553
458.0870391;34.981132804;-1.2351901059;-1.2737552119;-1.1987669283
458.58704679;35.013593741;-1.2367057309;-1.2750130244;-1.200122397
459.08705447;35.050494783;-1.2382669288;-1.2763671911;-1.2015013033
459.58706215;35.081783845;-1.2394648455;-1.2775781286;-1.2029205741
460.08706984;35.115729158;-1.2407617205;-1.2788697953;-1.2042421887
460.58707752;35.152473949;-1.2422031267;-1.2802057328;-1.2055924491
461.0870852;35.181145824;-1.2437200538;-1.2814088578;-1.2068138033
461.58709289;35.221888012;-1.2452187517;-1.2827213578;-1.2082773449
462.08710057;35.252161449;-1.2467044288;-1.2839765661;-1.2094882824
462.58710826;35.286067699;-1.2480455746;-1.2852161494;-1.2107135428
463.08711594;35.317656241;-1.2495130226;-1.2865130244;-1.2120156262
463.58712362;35.347395824;-1.2509895851;-1.2877213578;-1.2132747408
464.08713131;35.386757803;-1.2524609392;-1.2890234411;-1.2146028658
464.58713899;35.414635408;-1.2537955746;-1.2902578161;-1.2158463553
465.08714668;35.454388012;-1.2548229184;-1.2915885453;-1.2171770845
465.58715436;35.48186197;-1.2562552101;-1.2928906286;-1.2184140637
466.08716204;35.512213533;-1.2576992205;-1.2941250036;-1.2196328137
466.58716973;35.550755199;-1.2588203142;-1.2954583369;-1.220872397
467.08717741;35.580078116;-1.2598085955;-1.2967161494;-1.2221510428
467.5871851;35.614296866;-1.2612526059;-1.2979375036;-1.2234361991
468.08719278;35.647265616;-1.261863283;-1.2991901077;-1.2246367199
468.58720046;35.675208324;-1.263066408;-1.3003932328;-1.2258815116
469.08720815;35.715312491;-1.2640052101;-1.3016901077;-1.2271835949
469.58721583;35.741927074;-1.2651940121;-1.3028932328;-1.2284401053
470.08722351;35.771158845;-1.2666171892;-1.3040703161;-1.2296484387
470.5872312;35.810390616;-1.2683502621;-1.3052786494;-1.2307434908
471.08723888;35.838385408;-1.2699830746;-1.3064062536;-1.2319179699
471.58724657;35.872760408;-1.271410158;-1.3076875036;-1.2332122408
472.08725425;35.904921866;-1.2719791684;-1.3088671911;-1.2344531262
472.58726193;35.933085928;-1.273691408;-1.3100572953;-1.2357226574
473.08726962;35.964609366;-1.2746966163;-1.3112447952;-1.2369596366
473.5872773;35.996510407;-1.2765924496;-1.3124088577;-1.2382994803
474.08728499;36.030859366;-1.2781848976;-1.3136484411;-1.2396119803
474.58729267;36.060273428;-1.2796145851;-1.3148072952;-1.2409049491
475.08730035;36.093763012;-1.2804544288;-1.3159895869;-1.2420937512
475.58730804;36.126666657;-1.2816171892;-1.3172343786;-1.2433502616
476.08731572;36.154752595;-1.2822330746;-1.3183437536;-1.2446054699
476.5873234;36.184856762;-1.2843216163;-1.3195338577;-1.2459166678
477.08733109;36.221249991;-1.2856979184;-1.3206692744;-1.2471458345
477.58733877;36.250403637;-1.2872317725;-1.3218437536;-1.2483502616
478.08734646;36.281835928;-1.288285158;-1.3230312536;-1.2495989595
478.58735414;36.314270824;-1.28963021;-1.3241536494;-1.2508268241
479.08736182;36.345286449;-1.291302085;-1.3253177119;-1.2520729178
479.58736951;36.372057282;-1.2927343767;-1.3264062536;-1.2533671887
480.08737719;36.405950512;-1.2941875017;-1.3275963577;-1.2545989595
480.58738488;36.439999991;-1.2957643246;-1.3287682328;-1.2558450533
481.08739256;36.469127595;-1.297066408;-1.3298645869;-1.257106772
481.58740024;36.496184886;-1.298614585;-1.3312031286;-1.2588242199
482.08740793;36.528684887;-1.3001523455;-1.3323489619;-1.2600221366
482.58741561;36.561341136;-1.301472658;-1.3335156286;-1.2612656262
483.0874233;36.591054678;-1.3027148455;-1.3346848994;-1.2624921887
483.58743098;36.618541657;-1.3036080746;-1.3357838578;-1.2637148449
484.08743866;36.650572907;-1.3049062517;-1.3369557327;-1.2648528657
484.58744635;36.679322907;-1.3062656267;-1.3380546911;-1.2660768241
485.08745403;36.712903636;-1.3070117205;-1.3392526077;-1.2672760428
485.58746171;36.741679678;-1.3081093767;-1.3404270869;-1.2684088553
486.0874694;36.767864574;-1.3094934913;-1.3414635452;-1.2695273449
486.58747708;36.795039053;-1.3105156267;-1.3426796911;-1.2706901053
487.08748477;36.834322907;-1.3111471371;-1.3437708369;-1.271872397
487.58749245;36.866276032;-1.3122330746;-1.3449036494;-1.273059897
488.08750013;36.893763011;-1.3133554705;-1.3460130244;-1.274184897
488.58750782;36.922473949;-1.3143619809;-1.3470833369;-1.2753294282
489.0875155;36.953567699;-1.3157747413;-1.3482161494;-1.2765429699
489.58752319;36.978619782;-1.31709896;-1.3492291702;-1.2776510428
490.08753087;37.012161449;-1.3182981788;-1.3503359411;-1.2788020845
490.58753855;37.041901032;-1.3196705746;-1.3514505244;-1.2799231782
491.08754624;37.07045572;-1.3209609392;-1.3524427119;-1.2809466157
491.58755392;37.099427074;-1.3222005225;-1.3535286494;-1.2821432303
492.08756161;37.127278636;-1.3231575538;-1.3545703161;-1.2831731782
492.58756929;37.153776032;-1.3244713559;-1.3555989619;-1.2842708345
493.08757697;37.18562499;-1.3257994809;-1.3566875036;-1.2853945324
493.58758466;37.216002595;-1.3270494809;-1.3577291702;-1.2865013032
494.08759234;37.247122386;-1.3284700538;-1.3588072952;-1.2876354178
494.58760002;37.271158845;-1.3297057309;-1.3597630244;-1.288653647
495.08760771;37.304348949;-1.3305807309;-1.3608151077;-1.2897617199
495.58761539;37.331848949;-1.3317408871;-1.3618463577;-1.2909127616
496.08762308;37.360950511;-1.3330559913;-1.3628437536;-1.2920924491
496.58763076;37.388697907;-1.3344049496;-1.3639088577;-1.2930703137
497.08763844;37.417057282;-1.3356783871;-1.3648828161;-1.2940833345
497.58764613;37.44420572;-1.3369934913;-1.3658776077;-1.2951822928
498.08765381;37.471927074;-1.3382981788;-1.3668567744;-1.2962877616
498.5876615;37.49781249;-1.33919271;-1.3678177119;-1.2973971366
499.08766918;37.532070303;-1.3404609392;-1.3688828161;-1.2985182303
499.58767686;37.557109365;-1.3417408871;-1.3698151077;-1.2996250012
500.08768455;37.586445303;-1.3430065121;-1.3708020869;-1.3007851574
500.58769223;37.613932282;-1.3443906267;-1.3717473994;-1.3018333345
501.08769991;37.639947907;-1.3455221371;-1.3727135452;-1.303075522
501.5877076;37.671601553;-1.3469257829;-1.3737057327;-1.3039778657
502.08771528;37.690690095;-1.348270835;-1.3745911494;-1.3049934907
502.58772297;37.719583324;-1.3496809913;-1.3755598994;-1.3060364595
503.08773065;37.750117178;-1.3507122413;-1.3765156286;-1.3070768241
503.58773833;37.776770824;-1.3519635434;-1.3774505244;-1.3081171887
504.08774602;37.807994782;-1.3530351579;-1.3784140661;-1.3091614595
504.5877537;37.829244782;-1.3542460954;-1.3793177119;-1.3103372407
505.08776139;37.860052074;-1.3556080746;-1.3802083369;-1.3109166678
505.58776907;37.885664053;-1.3570625017;-1.3809661494;-1.3117552095
506.08777675;37.908723949;-1.358208335;-1.3815130244;-1.3125533866
506.58778444;37.936367178;-1.3593736996;-1.3822734411;-1.3135546887
507.08779212;37.963398428;-1.3599947934;-1.3830130244;-1.3144557303
507.58779981;37.990924469;-1.3609648454;-1.3837838577;-1.3153294282
508.08780749;38.018020824;-1.3619166684;-1.3845416702;-1.3162447928
508.58781517;38.044726553;-1.3633046892;-1.3853333369;-1.3170585949
509.08782286;38.071979157;-1.3652994809;-1.3860729202;-1.3180546887
509.58783054;38.092903636;-1.3666328142;-1.3867786494;-1.3186705741
510.08783822;38.122578115;-1.3680963559;-1.3875781286;-1.3196614595
510.58784591;38.14468749;-1.3694505225;-1.3884140661;-1.3203867199
511.08785359;38.167734365;-1.3706783871;-1.3891718786;-1.3211783866
511.58786128;38.196744782;-1.3716822934;-1.3900156286;-1.3221171886
512.08786896;38.223450511;-1.3723776059;-1.3907734411;-1.3228164074
512.58787663;38.24984374;-1.3736223975;-1.3915937536;-1.3237643241
513.0878843;38.276315094;-1.3751731788;-1.3923645869;-1.3244244803
513.58789198;38.294713532;-1.3763541684;-1.3931432327;-1.3252526053
514.08789965;38.325052074;-1.3777200538;-1.3939921911;-1.3260104178
514.58790732;38.346158844;-1.3788619809;-1.3947526077;-1.3268007824
515.08791499;38.372382803;-1.37988021;-1.3956250036;-1.3276718761
515.58792266;38.399127594;-1.3810455746;-1.3963723994;-1.3284127616
516.08793034;38.417838532;-1.3817786475;-1.3971640661;-1.3291132824
516.58793801;38.446666657;-1.3829518246;-1.3980885452;-1.3299179699
517.08794568;38.467239573;-1.3841367204;-1.3987968786;-1.330606772
517.58795335;38.494947907;-1.3852812517;-1.3996432327;-1.3313020845
518.08796103;38.517161448;-1.3860885434;-1.4004479202;-1.3319791678
518.5879687;38.535677073;-1.3869479184;-1.4012421911;-1.3327330741
519.08797637;38.561041657;-1.3880130225;-1.4020494827;-1.3334531261
519.58798404;38.591861969;-1.3890937517;-1.4027421911;-1.3342278657
520.08799171;38.614947907;-1.3903164079;-1.4035260452;-1.3349726574
520.58799939;38.634505198;-1.3914570329;-1.4042734411;-1.3356093761
521.08800706;38.662356761;-1.392614585;-1.4049270869;-1.3362539074
521.58801473;38.687669261;-1.3937526059;-1.4057343786;-1.3369700532
522.0880224;38.703697907;-1.3947929704;-1.4063880244;-1.3375325532
522.58803008;38.731367178;-1.3959557309;-1.4071119827;-1.3382200532
523.08803775;38.75140624;-1.3970429704;-1.4077916702;-1.3388372407
523.58804542;38.772161448;-1.3981575538;-1.4084947952;-1.3393984386
524.08805309;38.797109365;-1.3992929704;-1.4091015661;-1.3399010428
524.58806076;38.814622386;-1.3999700538;-1.4096406286;-1.3403528657
525.08806844;38.840755198;-1.40081771;-1.4103307327;-1.3409335949
525.58807611;38.867239573;-1.4017213558;-1.4109687536;-1.3413958345
526.08808378;38.882265615;-1.4028346371;-1.4115598994;-1.3417916678
526.58809145;38.90874999;-1.4041067725;-1.4122447952;-1.3422656261
527.08809913;38.928815094;-1.4051093767;-1.4127812536;-1.3426171886
527.5881068;38.951067698;-1.4062187517;-1.4133619827;-1.3428229178
528.08811447;38.975026032;-1.4072760433;-1.4138619827;-1.3432955741
528.58812214;38.990833323;-1.4078997413;-1.4144557327;-1.3437291678
529.08812982;39.01718749;-1.4086744809;-1.4150416702;-1.3441119803
529.58813749;39.032591136;-1.4093138038;-1.4155963577;-1.344513022
530.08814516;39.060117178;-1.4099700538;-1.4162005244;-1.345013022
530.58815283;39.084804678;-1.4110026058;-1.4167578161;-1.3453541678
531.0881605;39.101328115;-1.4116861996;-1.4173046911;-1.3457343761
531.58816818;39.128164052;-1.4127291683;-1.4178906286;-1.3461822928
532.08817585;39.14546874;-1.4137981788;-1.4183541702;-1.3465768241
532.58818352;39.170377594;-1.4149817725;-1.4189375035;-1.3470221366
533.08819119;39.188958323;-1.4160638038;-1.4195000036;-1.3473658866
533.58819886;39.211041657;-1.4171263038;-1.4200338577;-1.3478294282
534.08820654;39.234440094;-1.418114585;-1.4205963577;-1.3481992199
534.58821421;39.251119782;-1.4192161475;-1.4211093786;-1.3485664074
535.08822188;39.277369782;-1.4202174496;-1.4217265661;-1.3490026053
535.58822955;39.292539052;-1.4207526058;-1.4222239619;-1.3493398449
536.08823723;39.314947907;-1.4215234392;-1.4227708369;-1.3498046886
536.5882449;39.334049469;-1.4227447933;-1.4233619827;-1.3502838553
537.08825257;39.352356761;-1.423708335;-1.4237421911;-1.3506354178
537.58826024;39.374609365;-1.4248528663;-1.4242968786;-1.3510872407
538.08826792;39.392708323;-1.4257421892;-1.4247864619;-1.3514791678
538.58827559;39.415208323;-1.4268750017;-1.4253281285;-1.3519075532
539.08828326;39.43296874;-1.4280898454;-1.4258151077;-1.3522903657
539.58829093;39.455286448;-1.4287773454;-1.4262786494;-1.3525182303
540.0882986;39.470273427;-1.4296835954;-1.426742191;-1.352731772
540.58830628;39.495703115;-1.4302356788;-1.4272473994;-1.3533763032
541.08831395;39.511080719;-1.43150521;-1.4277604202;-1.3535195324
541.58832162;39.536757802;-1.4326054704;-1.4282994827;-1.3539752616
542.08832929;39.552760407;-1.4335442725;-1.4287578161;-1.3543346366
542.58833697;39.576341136;-1.4347122413;-1.4293046911;-1.3548736991
543.08834464;39.594179677;-1.4355273454;-1.4298072952;-1.3552148449
543.58835231;39.61015624;-1.4362799496;-1.4303072952;-1.3555260428
544.08835998;39.634427073;-1.4371640642;-1.4308229202;-1.3559479178
544.58836765;39.649023427;-1.4380286475;-1.4313046911;-1.3564205741
545.08837533;39.674231761;-1.4391796892;-1.4318229202;-1.3568111991
545.588383;39.689309886;-1.4401666683;-1.4322838577;-1.3571809907
546.08839067;39.705638011;-1.4410481788;-1.4327682327;-1.3575950532
546.58839834;39.730208323;-1.4422356788;-1.4333177119;-1.3581054699
547.08840602;39.74515624;-1.4429869808;-1.4337786494;-1.3587799491
547.58841369;39.771132802;-1.443958335;-1.4342682327;-1.3591197928
548.08842136;39.785013011;-1.4447330746;-1.434726566;-1.3596809907
548.58842903;39.799440094;-1.4457304704;-1.4352265661;-1.3602200532
549.0884367;39.823880198;-1.4470338558;-1.4357786494;-1.3606419282
549.58844438;39.83968749;-1.4480377621;-1.4362213577;-1.3609856782
550.08845205;39.855507802;-1.4499075538;-1.4362734411;-1.3618320324
550.58845972;39.874505198;-1.4509388038;-1.4364036494;-1.3622799491
551.08846739;39.893997386;-1.4520611996;-1.4368411494;-1.3628242199
551.58847507;39.912369781;-1.4531158871;-1.4373177119;-1.3632864595
552.08848274;39.935273427;-1.4540716163;-1.437742191;-1.3636575532
552.58849041;39.949726552;-1.4550533871;-1.4381875035;-1.3640416678
553.08849808;39.966067698;-1.4559257829;-1.4385234411;-1.3643528657
553.58850575;39.983984365;-1.45669271;-1.438804691;-1.3645364595
554.08851343;40.003815094;-1.45725521;-1.4391328161;-1.3650807303
554.5885211;40.018763011;-1.4579947933;-1.439523441;-1.3657200532
555.08852877;40.042356761;-1.4585091163;-1.4399973994;-1.3658085949
555.58853644;40.055794261;-1.4591002621;-1.4403619827;-1.3663359386
556.10854442;40.073841136;-1.4596653663;-1.4408098994;-1.3666354178
556.60855209;40.091523427;-1.4606210954;-1.4413020869;-1.3669804699
557.10855977;40.106575511;-1.4605429704;-1.4416979202;-1.3673177095
557.60856744;40.126861969;-1.4608619808;-1.4421250036;-1.3676796886
558.10857511;40.140833323;-1.4613125017;-1.4425677119;-1.3680638032
558.60858278;40.155026031;-1.4622721371;-1.442992191;-1.3684739595
559.10859046;40.176627594;-1.4629934913;-1.4433880244;-1.3687486991
559.60859813;40.190872386;-1.4638567725;-1.4437187536;-1.3693346366
560.1086058;40.20937499;-1.4650598975;-1.4441432327;-1.369763022
560.60861347;40.221835927;-1.4669921892;-1.4444947952;-1.3701210949
561.10862115;40.236289052;-1.4682630225;-1.4449062535;-1.3704687511
561.60862882;40.257395823;-1.4689596371;-1.4453151077;-1.3708776053
562.10863649;40.273580719;-1.4692838558;-1.4456953161;-1.3712486991
562.60864416;40.290286448;-1.4698736996;-1.446179691;-1.3716562511
563.10865183;40.30328124;-1.4710716163;-1.4465468785;-1.3720169282
563.60865951;40.31640624;-1.4720911475;-1.4469739619;-1.3724388032
564.10866718;40.340286448;-1.4728710954;-1.4473541702;-1.3728085949
564.60867485;40.360703115;-1.4738606788;-1.4477864619;-1.3733645845
565.10868252;40.376002594;-1.4745247413;-1.4482161494;-1.3736588553
565.60869019;40.390013011;-1.4740377621;-1.4485807327;-1.3739960949
566.10869787;40.40406249;-1.4762304704;-1.4490130244;-1.3743398449
566.60870554;40.418515615;-1.4769322933;-1.4493854202;-1.3746992199
567.10871321;40.431549469;-1.4775390642;-1.4497031285;-1.3750169282
567.60872088;40.451848948;-1.4782877621;-1.4501562535;-1.3755039074
568.10872856;40.468567698;-1.4790585954;-1.4505156285;-1.3758398449
568.60873623;40.48671874;-1.4799544287;-1.4509531285;-1.376263022
569.1087439;40.499713531;-1.4804687517;-1.4513125035;-1.3766328136
569.60875157;40.514309885;-1.4812591162;-1.4517083369;-1.3769283866
570.10875925;40.527643219;-1.4820625017;-1.4521250035;-1.3773242199
570.60876692;40.541171865;-1.4826184912;-1.4524661494;-1.3776966157
571.10877459;40.554127594;-1.4839882829;-1.4528854202;-1.3782981782
571.60878226;40.569075511;-1.4846419287;-1.4532760452;-1.3786145845
572.10878993;40.58203124;-1.4853476579;-1.453617191;-1.378856772
572.60879761;40.599296865;-1.4859335954;-1.4540338577;-1.3791861991
573.10880528;40.60984374;-1.4863385433;-1.4544791702;-1.3795234386
573.60881295;40.624179677;-1.4870937517;-1.4549218786;-1.3799583345
574.10882062;40.638033844;-1.4880182308;-1.4552682327;-1.3802851574
574.60882829;40.651054677;-1.4888007829;-1.4556562535;-1.3806171886
575.10883597;40.668684885;-1.4895924496;-1.4560494827;-1.3807695324
575.60884364;40.678242177;-1.490114585;-1.456382816;-1.3812187511
576.10885131;40.695598948;-1.4908854183;-1.4567942744;-1.3815299491
576.60885898;40.710078115;-1.4916731787;-1.4571536494;-1.3818268241
577.10886666;40.718880198;-1.4924088558;-1.4574479202;-1.3820690116
577.60887433;40.73859374;-1.4931966162;-1.4578645869;-1.3823971365
578.108882;40.745963531;-1.4937161475;-1.4581380244;-1.3825312511
578.60888967;40.759570302;-1.49431771;-1.4584635452;-1.3828502616
579.10889735;40.774205719;-1.495083335;-1.4588020869;-1.3830768241
579.60890502;40.787382802;-1.4958151058;-1.4591562535;-1.3833242199
580.10891269;40.80203124;-1.4965533871;-1.459398441;-1.3834726574
580.60892036;40.815299469;-1.4971406267;-1.4597187535;-1.3838007824
581.10892803;40.828723948;-1.4979335954;-1.460023441;-1.3841757824
581.60893571;40.842903635;-1.4986653662;-1.4603255244;-1.3841979178
582.10894338;40.856197906;-1.4993098975;-1.4605859411;-1.3843710949
582.60895105;40.869960927;-1.4996588558;-1.4609375036;-1.3845156261
583.10895872;40.877122385;-1.5001015642;-1.4611666702;-1.3847591157
583.6089664;40.891184885;-1.5008229183;-1.4614661494;-1.3847773449
584.10897407;40.898958323;-1.5015898454;-1.4617239619;-1.3850546886
584.60898174;40.91173176;-1.5023007829;-1.462023441;-1.3850716157
585.10898941;40.925781239;-1.50294271;-1.4623281285;-1.3852513032
585.60899708;40.936223948;-1.503552085;-1.4625677119;-1.3853164074
586.10900476;40.952369781;-1.5040078142;-1.4628463577;-1.3854283866
586.60901243;40.95718749;-1.5044765642;-1.463085941;-1.3854713553
587.1090201;40.966276031;-1.50497396;-1.4633359411;-1.3853398449
587.60902777;40.979882802;-1.5057643246;-1.4636588577;-1.3855013032
588.10903545;40.991914052;-1.5060403662;-1.4638307327;-1.3854440116
588.60904312;41.002877594;-1.506427085;-1.4640963577;-1.3854218761
589.10905079;41.006692698;-1.5068697933;-1.4643020869;-1.3853333345
589.60905846;41.020273427;-1.5072434912;-1.464570316;-1.3852434907
590.10906613;41.034153635;-1.5081184912;-1.464835941;-1.3853515636
590.60907381;41.037773427;-1.5082942725;-1.465054691;-1.3853229178
591.10908148;41.049218739;-1.5086263037;-1.465320316;-1.3854440116
591.60908915;41.062122385;-1.5082447933;-1.4655468785;-1.3853476574
592.10909682;41.073242177;-1.50934896;-1.465773441;-1.385403647
592.6091045;41.080755198;-1.5094856787;-1.4659817744;-1.3853945324
593.10911217;41.089309885;-1.5099674496;-1.4661458369;-1.3852890636
593.60911984;41.101041656;-1.5106888037;-1.4663567744;-1.3853450532
594.10912751;41.101796864;-1.5111757829;-1.4665312536;-1.3854791678
594.60913518;41.116132802;-1.5116705746;-1.4667473994;-1.3855937511
595.10914286;41.126966135;-1.5120312517;-1.4669843785;-1.3856653657
595.60915053;41.129947906;-1.5125963558;-1.4671302119;-1.385622397
596.1091582;41.143815094;-1.5132356787;-1.4673567744;-1.3858802095
596.60916587;41.150104156;-1.513614585;-1.4675442744;-1.3859062511
597.10917355;41.156197906;-1.5144817725;-1.4677343785;-1.3860572928
597.60918122;41.170091135;-1.5151445329;-1.4678776077;-1.3861497407
598.10918889;41.173268219;-1.51600521;-1.4679895869;-1.3860989595
598.60919656;41.183072906;-1.5159960954;-1.4681614619;-1.386122397
599.10920423;41.184114573;-1.5166940121;-1.4682447952;-1.3862213553
599.60921191;41.196132802;-1.5167981787;-1.4683776077;-1.3862929699
600.10921958;41.201054677;-1.5175325537;-1.4684427119;-1.3864010428
600.60922725;41.209583323;-1.5180937517;-1.4686093785;-1.3866276053
601.10923492;41.219088531;-1.5185026058;-1.4687343785;-1.3866393241
601.6092426;41.22345051;-1.5187968767;-1.4688125035;-1.386622397
602.10925027;41.224479156;-1.5191315121;-1.4689687535;-1.387139324
602.60925794;41.237395823;-1.5196835954;-1.4690729202;-1.3868802095
603.10926561;41.237526031;-1.5201627621;-1.4691536494;-1.3876835949
603.60927329;41.250052073;-1.5203906267;-1.4692708369;-1.3873958345
604.10928096;41.251315094;-1.52053646;-1.4693489619;-1.3872565116
604.60928863;41.260455719;-1.5215117204;-1.4694375035;-1.3872226574
605.1092963;41.264921864;-1.5218098975;-1.4695052119;-1.3875156261
605.60930397;41.265143219;-1.5223723975;-1.4695833369;-1.387545574
606.10931165;41.27876301;-1.5227682308;-1.4696197952;-1.3876315115
606.60931932;41.279205719;-1.5231744808;-1.4696692744;-1.3875234386
607.10932699;41.279270823;-1.5230690121;-1.469710941;-1.3876549491
607.60933466;41.285885406;-1.5239544287;-1.4697500035;-1.3876835949
608.10934233;41.292473948;-1.5244192725;-1.4697682327;-1.3877773449
608.60935001;41.292812489;-1.5241992204;-1.4697395869;-1.3880351574
609.10935768;41.292773427;-1.5247330746;-1.4697630244;-1.3880273449
609.60936535;41.30579426;-1.5252643246;-1.469773441;-1.3880533866
610.10937302;41.306406239;-1.5256627621;-1.4697500035;-1.3880924491
610.6093807;41.306445302;-1.5261067725;-1.4697708369;-1.3880859386
611.10938837;41.307721344;-1.5263945329;-1.4697604202;-1.3882057303
611.60939604;41.306549469;-1.5266523454;-1.4697812535;-1.388294272
612.10940371;41.308632802;-1.5268932308;-1.4697656285;-1.3885924491
612.60941139;41.308945302;-1.5270117204;-1.4697786494;-1.3886276053
613.10941906;41.309322906;-1.5271588558;-1.4697708369;-1.3888125011
613.60942673;41.319192698;-1.5273971371;-1.4697838577;-1.388997397
614.1094344;41.319309885;-1.5274531267;-1.4697708369;-1.3891302095
614.60944207;41.319869781;-1.5277539079;-1.4697552119;-1.3895260428
615.10944975;41.319817698;-1.5279804704;-1.4697447952;-1.3894322928
615.60945742;41.31985676;-1.5283437516;-1.4697369827;-1.3895481782
616.10946509;41.320221344;-1.5286197933;-1.4697317744;-1.389670574
616.60947276;41.319895823;-1.5288632829;-1.4697239619;-1.3897018241
617.10948043;41.321067698;-1.5291575537;-1.469695316;-1.389842449
617.60948811;41.31985676;-1.5293893246;-1.4696432327;-1.389825522
618.10949578;41.319921864;-1.5296497412;-1.469601566;-1.3898671886
618.60950345;41.319843739;-1.5298307308;-1.4695416702;-1.3899531261
619.10951112;41.31985676;-1.5301484392;-1.4694375035;-1.3900078136
619.6095188;41.319947906;-1.5302942725;-1.469398441;-1.390059897
620.10952647;41.319374989;-1.5305299496;-1.4692552119;-1.3904401053
620.60953414;41.315234364;-1.5305846371;-1.4691145869;-1.3908033866
621.10954181;41.315351552;-1.5307500016;-1.4690052119;-1.3899843761
621.60954949;41.306705719;-1.5309609391;-1.4688906285;-1.3900507824
622.10955716;41.306588531;-1.5311054704;-1.4687942744;-1.3902604178
622.60956483;41.306588531;-1.5312734391;-1.4686718785;-1.3901601574
623.1095725;41.298203114;-1.5312721371;-1.4684947952;-1.3902682303
623.60958017;41.292721344;-1.5316380225;-1.468382816;-1.3904257824
624.10958785;41.292773427;-1.5316041683;-1.4682213577;-1.3901471365
624.60959552;41.285585927;-1.5316588558;-1.4680494827;-1.3901145845
625.10960319;41.279283844;-1.5316966162;-1.4678177119;-1.3900416678
625.60961086;41.269309885;-1.5317486996;-1.4676822952;-1.3901770845
626.10961854;41.264973948;-1.5317135433;-1.4674348994;-1.3901966157
626.60962621;41.252578114;-1.5317343767;-1.4672213577;-1.3902109386
627.10963388;41.251445302;-1.5319388037;-1.4670442744;-1.3902434907
627.60964155;41.238007802;-1.5318841162;-1.4667838577;-1.3902265636
628.10964922;41.236666656;-1.5318138037;-1.4665598994;-1.3902421886
628.6096569;41.223567698;-1.5317994808;-1.4663515661;-1.3903138032
629.10966457;41.210598948;-1.5317161475;-1.4661458369;-1.3906328136
629.60967224;41.203528635;-1.5315690121;-1.4660442744;-1.3909726574
630.10967991;41.183424469;-1.5310572933;-1.4659739619;-1.3914726574
630.60968759;41.170768219;-1.5305755225;-1.4659635452;-1.3923203136
631.10969526;41.156067698;-1.5298059912;-1.4659479202;-1.393169272
631.60970293;41.133033844;-1.528708335;-1.4660468785;-1.394075522
632.1097106;41.116067698;-1.5275286475;-1.4663411494;-1.3953528657
632.60971827;41.091666656;-1.5264817725;-1.466757816;-1.3965898449
633.10972595;41.075299469;-1.5249869808;-1.4672447952;-1.3978919282
633.60973362;41.047747385;-1.5233893246;-1.4678177119;-1.3993177095
634.10974129;41.007473948;-1.5200494808;-1.4691250035;-1.4017395845